2011 01 01 12 01
2011 01 02 12 06
2011 01 02 14 49
2011 01 02 18 52
2011 01 03 00 56
2011 01 03 13 56
2011 01 04 10 04
2011 01 04 13 55
2011 01 04 14 24
2011 01 04 20 55
2011 01 05 02 33
2011 01 05 04 50
2011 01 05 18 43
2011 01 06 06 22
2011 01 06 13 46
2011 01 06 15 21
2011 01 06 17 19
2011 01 06 18 42
2011 01 06 19 16
2011 01 06 19 27
2011 01 07 10 49
2011 01 07 14 45
2011 01 07 23 30
2011 01 08 00 01
2011 01 08 04 31
2011 01 08 06 12
2011 01 08 10 39
2011 01 08 14 48
2011 01 08 16 33
2011 01 08 18 07
2011 01 08 19 56
2011 01 08 22 31
2011 01 09 02 38
2011 01 09 06 03
2011 01 09 08 07
2011 01 09 09 55
2011 01 09 10 25
2011 01 10 06 01
2011 01 10 14 44
2011 01 10 23 54
2011 01 11 14 16
2011 01 11 19 46
2011 01 11 22 15
2011 01 12 06 39
2011 01 12 07 09
2011 01 13 01 56
2011 01 13 03 26
2011 01 13 12 01
2011 01 14 03 46
2011 01 14 09 43
2011 01 15 08 21
2011 01 15 10 48
2011 01 15 14 27
2011 01 15 19 55
2011 01 16 00 00
2011 01 16 04 39
2011 01 17 07 40
2011 01 17 12 39
2011 01 17 13 02
2011 01 17 13 28
2011 01 17 14 13
2011 01 18 02 38
2011 01 18 04 09
2011 01 18 10 58
2011 01 18 15 37
2011 01 18 17 46
2011 01 18 19 49
2011 01 19 03 24
2011 01 19 12 53
2011 01 19 12 56
2011 01 19 18 41
2011 01 20 00 19
2011 01 20 03 55
2011 01 20 14 21
2011 01 20 15 39
2011 01 21 10 10
2011 01 22 02 24
2011 01 22 06 24
2011 01 22 07 11
2011 01 23 02 11
2011 01 23 09 14
2011 01 23 13 22
2011 01 23 19 17
2011 01 24 20 29
2011 01 24 22 54
2011 01 25 00 43
2011 01 26 16 49
2011 01 26 18 49
2011 01 26 22 52
2011 01 27 05 44
2011 01 27 07 43
2011 01 27 11 23
2011 01 27 19 30
2011 01 28 00 20
2011 01 28 16 36
2011 01 28 20 34
2011 01 28 21 41
2011 01 28 23 44
2011 02 01 00 34
2011 02 01 15 51
2011 02 01 20 24
2011 02 02 20 48
2011 02 02 23 15
2011 02 03 09 44
2011 02 04 01 06
2011 02 05 03 05
2011 02 05 07 26
2011 02 06 03 14
2011 02 06 04 38
2011 02 06 09 06
2011 02 06 09 17
2011 02 07 01 43
2011 02 07 02 31
2011 02 07 03 04
2011 02 07 20 15
2011 02 07 21 26
2011 02 08 03 19
2011 02 08 04 16
2011 02 08 04 58
2011 02 08 19 06
2011 02 08 20 55
2011 02 09 03 59
2011 02 09 22 25
2011 02 10 02 24
2011 02 10 16 06
2011 02 10 19 36
2011 02 10 21 12
2011 02 11 03 07
2011 02 11 23 06
2011 02 12 10 40
2011 02 12 19 20
2011 02 12 19 35
2011 02 12 20 58
2011 02 12 22 02
2011 02 13 05 19
2011 02 14 05 13
2011 02 14 12 11
2011 02 14 20 05
2011 02 15 01 55
2011 02 15 06 28
2011 02 16 17 25
2011 02 17 09 57
2011 02 17 15 57
2011 02 17 21 55
2011 02 18 07 37
2011 02 18 09 54
2011 02 18 12 12
2011 02 18 13 45
2011 02 19 05 12
2011 02 19 11 20
2011 02 19 16 46
2011 02 20 04 21
2011 02 20 07 53
2011 02 20 17 16
2011 02 20 22 47
2011 02 21 15 11
2011 02 21 19 14
2011 02 22 04 18
2011 02 22 09 31
2011 02 22 14 36
2011 02 22 21 13
2011 02 22 22 47
2011 02 23 04 59
2011 02 25 13 07
2011 02 25 13 57
2011 02 25 16 32
2011 02 25 18 35
2011 02 25 22 51
2011 02 26 01 27
2011 02 26 03 36
2011 02 26 04 06
2011 02 26 04 49
2011 02 26 07 22
2011 02 27 11 36
2011 02 27 13 37
2011 02 28 04 27
2011 02 28 06 15
2011 02 28 18 23
2011 03 01 08 36
2011 03 02 01 29
2011 03 02 16 45
2011 03 02 19 46
2011 03 02 19 48
2011 03 03 03 20
2011 03 03 17 18
2011 03 04 04 24
2011 03 04 09 46
2011 03 04 10 47
2011 03 05 03 58
2011 03 05 22 01
2011 03 06 06 13
2011 03 06 06 42
2011 03 06 08 05
2011 03 06 09 52
2011 03 06 11 56
2011 03 06 16 08
2011 03 06 18 42
2011 03 08 00 45
2011 03 08 13 47
2011 03 08 18 30
2011 03 08 21 44
2011 03 09 04 23
2011 03 09 05 20
2011 03 09 11 12
2011 03 09 20 12
2011 03 10 07 46
2011 03 11 00 29
2011 03 11 02 36
2011 03 11 07 57
2011 03 11 10 33
2011 03 11 11 47
2011 03 11 21 26
2011 03 12 00 34
2011 03 12 13 20
2011 03 12 14 49
2011 03 12 14 54
2011 03 12 19 32
2011 03 12 19 39
2011 03 12 22 12
2011 03 13 01 24
2011 03 13 06 30
2011 03 13 17 35
2011 03 14 13 41
2011 03 15 01 05
2011 03 15 16 32
2011 03 16 00 40
2011 03 16 11 26
2011 03 16 22 43
2011 03 16 22 51
2011 03 17 00 04
2011 03 17 12 11
2011 03 17 17 53
2011 03 17 21 00
2011 03 18 20 36
2011 03 19 16 52
2011 03 19 22 14
2011 03 20 00 49
2011 03 20 03 15
2011 03 20 03 20
2011 03 20 03 51
2011 03 20 17 26
2011 03 20 23 05
2011 03 21 11 40
2011 03 22 13 13
2011 03 22 18 14
2011 03 22 19 48
2011 03 22 23 39
2011 03 23 04 03
2011 03 23 10 40
2011 03 23 11 11
2011 03 23 19 15
2011 03 23 21 23
2011 03 24 14 05
2011 03 24 18 41
2011 03 25 00 56
2011 03 25 01 43
2011 03 25 06 47
2011 03 25 12 51
2011 03 26 08 14
2011 03 26 14 00
2011 03 26 20 51
2011 03 27 02 38
2011 03 27 03 43
2011 03 27 07 20
2011 03 27 17 24
2011 03 27 18 53
2011 03 27 19 02
2011 03 28 04 18
2011 03 28 11 28
2011 03 28 20 19
2011 03 28 23 02
2011 04 01 01 15
2011 04 01 01 30
2011 04 01 06 50
2011 04 01 18 30
2011 04 02 02 25
2011 04 02 09 39
2011 04 02 10 40
2011 04 02 12 49
2011 04 02 21 46
2011 04 03 20 39
2011 04 04 07 49
2011 04 04 08 54
2011 04 05 00 04
2011 04 05 16 02
2011 04 05 21 10
2011 04 06 01 34
2011 04 06 08 56
2011 04 06 09 51
2011 04 06 15 58
2011 04 06 20 22
2011 04 06 21 05
2011 04 07 05 53
2011 04 07 16 42
2011 04 07 19 37
2011 04 08 03 09
2011 04 08 07 10
2011 04 08 10 33
2011 04 08 22 57
2011 04 08 22 59
2011 04 09 00 09
2011 04 09 18 26
2011 04 10 23 39
2011 04 11 01 06
2011 04 11 04 56
2011 04 12 01 49
2011 04 12 02 44
2011 04 12 09 39
2011 04 12 10 19
2011 04 12 21 57
2011 04 12 23 24
2011 04 13 07 47
2011 04 13 08 04
2011 04 14 10 13
2011 04 14 17 45
2011 04 14 21 00
2011 04 15 02 47
2011 04 15 06 54
2011 04 15 20 25
2011 04 16 08 05
2011 04 16 09 46
2011 04 16 11 10
2011 04 17 05 46
2011 04 17 07 04
2011 04 17 13 03
2011 04 18 04 36
2011 04 18 06 07
2011 04 18 16 44
2011 04 18 20 30
2011 04 19 06 26
2011 04 19 15 17
2011 04 19 19 20
2011 04 20 01 05
2011 04 20 07 19
2011 04 20 12 59
2011 04 20 23 14
2011 04 20 23 31
2011 04 22 04 19
2011 04 23 05 39
2011 04 23 06 29
2011 04 23 08 59
2011 04 23 12 40
2011 04 23 13 10
2011 04 23 13 51
2011 04 23 16 43
2011 04 23 19 31
2011 04 24 05 11
2011 04 24 09 18
2011 04 25 03 12
2011 04 25 12 56
2011 04 25 14 24
2011 04 26 01 58
2011 04 26 03 53
2011 04 26 07 15
2011 04 26 09 54
2011 04 26 12 25
2011 04 26 13 34
2011 04 26 17 27
2011 04 27 03 12
2011 04 27 07 52
2011 04 27 11 42
2011 04 27 17 24
2011 04 28 04 40
2011 04 28 10 04
2011 04 28 12 29
2011 05 01 05 55
2011 05 01 22 12
2011 05 01 23 23
2011 05 02 09 31
2011 05 02 19 06
2011 05 03 02 49
2011 05 03 04 21
2011 05 03 23 08
2011 05 03 23 53
2011 05 03 23 59
2011 05 04 08 34
2011 05 04 10 47
2011 05 04 11 43
2011 05 04 18 43
2011 05 05 08 11
2011 05 05 10 34
2011 05 05 11 43
2011 05 05 12 44
2011 05 06 16 39
2011 05 07 11 26
2011 05 07 11 36
2011 05 07 14 43
2011 05 08 00 24
2011 05 08 01 37
2011 05 08 06 31
2011 05 08 07 24
2011 05 08 16 23
2011 05 09 00 35
2011 05 09 03 44
2011 05 10 01 20
2011 05 10 13 36
2011 05 10 23 15
2011 05 11 01 25
2011 05 11 19 40
2011 05 12 00 55
2011 05 12 03 12
2011 05 12 13 00
2011 05 13 00 11
2011 05 13 16 46
2011 05 13 20 02
2011 05 14 04 56
2011 05 14 21 19
2011 05 15 03 19
2011 05 15 06 12
2011 05 15 08 14
2011 05 15 17 23
2011 05 15 19 43
2011 05 16 06 18
2011 05 16 09 36
2011 05 16 11 42
2011 05 16 13 52
2011 05 17 02 44
2011 05 17 13 50
2011 05 18 15 52
2011 05 18 22 55
2011 05 19 00 32
2011 05 19 10 25
2011 05 20 00 25
2011 05 20 11 32
2011 05 20 12 14
2011 05 20 14 26
2011 05 20 21 13
2011 05 21 13 00
2011 05 22 07 08
2011 05 22 09 09
2011 05 22 15 18
2011 05 23 09 29
2011 05 24 08 47
2011 05 25 03 01
2011 05 25 04 15
2011 05 25 04 48
2011 05 25 08 58
2011 05 25 16 42
2011 05 25 20 15
2011 05 25 21 37
2011 05 27 06 08
2011 05 27 06 50
2011 05 28 02 26
2011 05 28 05 36
2011 05 28 10 03
2011 05 28 10 57
2011 05 28 15 07
2011 05 28 17 00
2011 06 01 00 27
2011 06 01 19 45
2011 06 02 10 43
2011 06 02 19 39
2011 06 03 23 08
2011 06 04 00 14
2011 06 04 01 27
2011 06 04 19 03
2011 06 05 02 16
2011 06 05 04 14
2011 06 05 17 26
2011 06 05 20 53
2011 06 06 00 15
2011 06 06 11 49
2011 06 06 16 26
2011 06 06 17 48
2011 06 07 12 48
2011 06 07 18 37
2011 06 07 23 41
2011 06 08 01 45
2011 06 08 06 02
2011 06 08 09 18
2011 06 08 09 57
2011 06 08 17 24
2011 06 09 00 33
2011 06 10 05 30
2011 06 10 18 08
2011 06 11 10 46
2011 06 11 19 57
2011 06 11 23 53
2011 06 12 03 07
2011 06 12 04 00
2011 06 12 09 40
2011 06 12 10 10
2011 06 12 20 06
2011 06 13 07 23
2011 06 13 10 34
2011 06 14 11 15
2011 06 14 16 28
2011 06 14 17 59
2011 06 14 18 12
2011 06 14 18 45
2011 06 14 19 58
2011 06 14 23 19
2011 06 15 14 12
2011 06 15 22 29
2011 06 15 22 38
2011 06 16 04 25
2011 06 16 13 04
2011 06 16 15 36
2011 06 17 06 29
2011 06 17 13 07
2011 06 18 12 44
2011 06 19 06 20
2011 06 19 14 03
2011 06 19 22 19
2011 06 20 01 47
2011 06 20 05 19
2011 06 20 06 25
2011 06 20 07 48
2011 06 20 10 31
2011 06 20 16 13
2011 06 20 18 59
2011 06 21 02 24
2011 06 21 06 41
2011 06 21 16 28
2011 06 22 10 53
2011 06 22 14 09
2011 06 22 18 20
2011 06 22 18 24
2011 06 22 22 58
2011 06 23 03 05
2011 06 23 06 52
2011 06 23 14 39
2011 06 23 15 11
2011 06 23 16 41
2011 06 23 21 47
2011 06 23 23 37
2011 06 24 05 28
2011 06 24 06 47
2011 06 24 06 58
2011 06 24 07 59
2011 06 24 19 49
2011 06 24 21 13
2011 06 25 03 28
2011 06 25 12 38
2011 06 26 03 28
2011 06 26 12 45
2011 06 27 00 18
2011 06 27 04 46
2011 06 27 08 43
2011 06 27 14 53
2011 07 01 02 00
2011 07 01 05 17
2011 07 01 06 23
2011 07 01 15 42
2011 07 02 05 55
2011 07 02 17 08
2011 07 02 18 23
2011 07 03 02 40
2011 07 03 03 08
2011 07 03 03 38
2011 07 03 08 49
2011 07 04 07 11
2011 07 04 13 50
2011 07 04 20 05
2011 07 05 06 33
2011 07 05 14 25
2011 07 05 14 55
2011 07 05 23 54
2011 07 06 15 19
2011 07 06 16 35
2011 07 06 17 33
2011 07 06 20 08
2011 07 06 20 43
2011 07 07 01 13
2011 07 07 13 26
2011 07 07 20 29
2011 07 08 01 27
2011 07 08 03 11
2011 07 09 15 14
2011 07 09 22 16
2011 07 09 22 45
2011 07 10 02 39
2011 07 10 02 59
2011 07 10 05 01
2011 07 10 23 17
2011 07 11 07 09
2011 07 12 08 35
2011 07 12 13 24
2011 07 12 15 44
2011 07 13 06 02
2011 07 13 09 04
2011 07 13 13 57
2011 07 13 14 26
2011 07 13 20 50
2011 07 15 08 17
2011 07 15 11 28
2011 07 15 17 33
2011 07 15 22 20
2011 07 16 05 03
2011 07 16 06 46
2011 07 16 11 14
2011 07 17 02 14
2011 07 17 18 05
2011 07 17 19 14
2011 07 18 18 35
2011 07 18 18 47
2011 07 18 19 36
2011 07 18 20 31
2011 07 19 03 15
2011 07 19 04 15
2011 07 19 04 35
2011 07 19 05 17
2011 07 19 16 53
2011 07 20 05 03
2011 07 20 07 22
2011 07 20 13 42
2011 07 20 22 26
2011 07 21 01 28
2011 07 21 01 46
2011 07 21 03 12
2011 07 21 04 15
2011 07 21 07 11
2011 07 21 07 15
2011 07 24 16 09
2011 07 25 02 01
2011 07 25 03 27
2011 07 25 08 41
2011 07 25 10 24
2011 07 26 03 14
2011 07 26 19 56
2011 07 27 19 46
2011 07 28 04 06
2011 07 28 05 46
2011 07 28 12 19
2011 07 28 13 33
2011 08 01 13 09
2011 08 02 11 04
2011 08 02 23 04
2011 08 05 08 35
2011 08 05 08 42
2011 08 05 12 44
2011 08 05 15 56
2011 08 05 19 02
2011 08 05 19 24
2011 08 05 21 52
2011 08 06 03 57
2011 08 06 13 04
2011 08 06 13 39
2011 08 07 02 42
2011 08 07 20 23
2011 08 08 04 30
2011 08 08 11 35
2011 08 08 12 47
2011 08 08 14 12
2011 08 10 01 14
2011 08 11 01 02
2011 08 11 01 50
2011 08 11 07 53
2011 08 11 22 10
2011 08 11 23 06
2011 08 12 08 25
2011 08 12 18 08
2011 08 13 12 19
2011 08 13 17 40
2011 08 13 21 20
2011 08 14 01 03
2011 08 14 04 39
2011 08 14 12 09
2011 08 14 12 34
2011 08 14 15 44
2011 08 14 21 25
2011 08 15 23 16
2011 08 16 01 05
2011 08 16 04 08
2011 08 16 11 37
2011 08 16 20 05
2011 08 17 15 15
2011 08 17 17 42
2011 08 17 18 13
2011 08 17 19 08
2011 08 18 05 13
2011 08 19 00 23
2011 08 19 06 20
2011 08 19 14 41
2011 08 20 15 00
2011 08 21 01 04
2011 08 21 07 03
2011 08 22 01 07
2011 08 22 06 31
2011 08 22 07 44
2011 08 22 10 21
2011 08 22 15 16
2011 08 22 22 50
2011 08 22 23 09
2011 08 23 13 50
2011 08 24 02 59
2011 08 24 03 04
2011 08 24 11 01
2011 08 24 20 43
2011 08 25 09 19
2011 08 26 00 43
2011 08 26 08 06
2011 08 26 22 12
2011 08 27 05 39
2011 08 27 14 06
2011 08 27 16 21
2011 08 27 22 53
2011 09 01 03 04
2011 09 01 08 53
2011 09 01 08 56
2011 09 01 17 30
2011 09 02 01 03
2011 09 02 10 10
2011 09 03 00 01
2011 09 03 02 50
2011 09 03 09 08
2011 09 04 00 30
2011 09 04 14 08
2011 09 04 18 05
2011 09 04 22 58
2011 09 05 03 35
2011 09 05 08 49
2011 09 05 18 43
2011 09 05 22 30
2011 09 06 16 06
2011 09 07 00 05
2011 09 07 23 31
2011 09 08 00 02
2011 09 08 12 20
2011 09 09 01 07
2011 09 09 03 36
2011 09 09 04 34
2011 09 09 07 01
2011 09 09 11 26
2011 09 09 13 04
2011 09 09 15 08
2011 09 09 23 07
2011 09 10 02 20
2011 09 10 03 21
2011 09 10 16 26
2011 09 11 16 43
2011 09 11 20 22
2011 09 11 23 34
2011 09 12 12 08
2011 09 12 17 51
2011 09 12 18 02
2011 09 12 19 16
2011 09 13 05 28
2011 09 13 19 12
2011 09 13 23 08
2011 09 14 15 05
2011 09 15 16 59
2011 09 16 02 32
2011 09 16 03 04
2011 09 16 05 20
2011 09 16 06 15
2011 09 16 07 17
2011 09 17 16 06
2011 09 18 08 03
2011 09 18 23 56
2011 09 19 02 32
2011 09 19 08 19
2011 09 20 03 11
2011 09 20 14 47
2011 09 20 22 24
2011 09 22 07 01
2011 09 22 07 16
2011 09 23 01 26
2011 09 23 07 11
2011 09 23 10 06
2011 09 24 06 57
2011 09 24 09 11
2011 09 24 09 38
2011 09 25 03 15
2011 09 26 00 56
2011 09 26 21 16
2011 09 26 22 17
2011 09 27 01 57
2011 09 27 06 20
2011 09 27 06 56
2011 09 27 10 36
2011 09 28 03 33
2011 09 28 05 41
2011 09 28 12 10
2011 10 01 05 35
2011 10 01 09 07
2011 10 01 15 40
2011 10 02 04 16
2011 10 02 05 14
2011 10 02 12 51
2011 10 02 13 16
2011 10 02 19 19
2011 10 03 06 14
2011 10 03 15 13
2011 10 03 16 46
2011 10 03 20 24
2011 10 03 22 42
2011 10 04 22 55
2011 10 05 02 47
2011 10 05 14 53
2011 10 06 05 43
2011 10 06 09 59
2011 10 06 10 59
2011 10 06 12 01
2011 10 07 02 48
2011 10 07 04 10
2011 10 08 05 24
2011 10 08 08 13
2011 10 08 19 35
2011 10 09 09 50
2011 10 09 17 44
2011 10 09 19 40
2011 10 10 04 27
2011 10 11 02 41
2011 10 11 05 24
2011 10 13 06 24
2011 10 13 17 22
2011 10 14 02 46
2011 10 14 11 02
2011 10 14 11 59
2011 10 14 16 00
2011 10 14 16 32
2011 10 15 03 59
2011 10 15 10 54
2011 10 15 11 56
2011 10 15 14 45
2011 10 15 18 44
2011 10 15 19 53
2011 10 17 03 32
2011 10 17 20 07
2011 10 18 00 24
2011 10 18 13 25
2011 10 18 14 36
2011 10 19 07 45
2011 10 19 16 25
2011 10 19 18 16
2011 10 19 23 02
2011 10 20 00 54
2011 10 20 16 33
2011 10 20 22 26
2011 10 21 05 47
2011 10 21 21 46
2011 10 21 23 29
2011 10 22 11 35
2011 10 22 14 00
2011 10 22 22 21
2011 10 23 00 20
2011 10 23 08 24
2011 10 23 09 34
2011 10 23 10 09
2011 10 23 11 07
2011 10 23 16 24
2011 10 24 11 39
2011 10 25 04 59
2011 10 25 07 36
2011 10 25 08 41
2011 10 25 10 42
2011 10 25 22 03
2011 10 25 22 27
2011 10 26 01 55
2011 10 26 09 28
2011 10 26 11 36
2011 10 26 14 07
2011 10 26 17 42
2011 10 27 14 08
2011 10 27 23 27
2011 10 28 02 09
2011 10 28 20 16
2011 11 02 00 51
2011 11 03 06 31
2011 11 03 08 08
2011 11 03 13 39
2011 11 03 22 02
2011 11 03 23 26
2011 11 04 05 11
2011 11 04 11 28
2011 11 04 15 06
2011 11 05 06 57
2011 11 05 13 26
2011 11 05 14 08
2011 11 05 15 22
2011 11 05 21 36
2011 11 05 22 32
2011 11 07 00 34
2011 11 07 01 06
2011 11 07 09 22
2011 11 07 19 23
2011 11 07 20 41
2011 11 08 02 53
2011 11 08 17 10
2011 11 09 09 22
2011 11 09 10 31
2011 11 09 12 13
2011 11 09 17 53
2011 11 10 08 59
2011 11 10 21 08
2011 11 11 06 26
2011 11 11 09 22
2011 11 11 16 39
2011 11 11 20 39
2011 11 12 03 40
2011 11 12 09 07
2011 11 12 12 28
2011 11 13 01 47
2011 11 13 02 47
2011 11 13 12 30
2011 11 13 16 45
2011 11 13 17 29
2011 11 14 12 09
2011 11 14 19 27
2011 11 15 08 51
2011 11 15 11 40
2011 11 15 14 36
2011 11 15 18 15
2011 11 16 07 29
2011 11 16 19 47
2011 11 16 22 22
2011 11 17 02 06
2011 11 17 18 17
2011 11 18 08 10
2011 11 18 17 37
2011 11 18 17 39
2011 11 19 05 02
2011 11 20 12 30
2011 11 20 21 13
2011 11 21 02 34
2011 11 21 08 02
2011 11 22 13 27
2011 11 23 00 05
2011 11 23 07 21
2011 11 23 10 50
2011 11 23 17 50
2011 11 23 18 22
2011 11 24 02 03
2011 11 24 05 02
2011 11 24 17 04
2011 11 25 05 44
2011 11 25 05 49
2011 11 25 08 35
2011 11 25 11 32
2011 11 26 02 27
2011 11 26 20 55
2011 11 27 01 04
2011 11 27 16 22
2011 11 27 17 56
2011 11 27 19 43
2011 11 28 11 47
2011 12 01 22 19
2011 12 02 02 59
2011 12 03 02 55
2011 12 03 03 23
2011 12 03 12 16
2011 12 03 15 17
2011 12 04 00 01
2011 12 04 23 54
2011 12 05 00 29
2011 12 05 07 30
2011 12 05 15 36
2011 12 05 20 40
2011 12 06 12 51
2011 12 07 05 15
2011 12 07 05 43
2011 12 07 07 07
2011 12 07 18 44
2011 12 08 05 08
2011 12 08 10 06
2011 12 09 10 40
2011 12 09 11 23
2011 12 09 18 04
2011 12 09 22 07
2011 12 10 04 21
2011 12 10 10 53
2011 12 11 08 34
2011 12 11 18 51
2011 12 11 22 14
2011 12 12 08 10
2011 12 12 08 49
2011 12 13 06 17
2011 12 13 10 52
2011 12 13 20 42
2011 12 14 05 02
2011 12 14 08 24
2011 12 16 02 43
2011 12 16 09 40
2011 12 16 13 08
2011 12 17 01 35
2011 12 17 07 14
2011 12 17 07 23
2011 12 18 21 53
2011 12 19 08 30
2011 12 19 17 59
2011 12 20 04 37
2011 12 20 10 59
2011 12 22 01 06
2011 12 22 02 19
2011 12 22 03 27
2011 12 22 11 26
2011 12 22 12 29
2011 12 23 20 53
2011 12 24 02 11
2011 12 24 13 41
2011 12 24 16 22
2011 12 24 23 15
2011 12 25 10 39
2011 12 26 14 29
2011 12 26 21 49
2011 12 27 04 35
2011 12 27 06 28
2011 12 27 12 40
2011 12 28 12 57
