2011 5 01 00 10
2011 5 01 00 10
2011 5 01 00 19
2011 5 01 01 27
2011 5 01 02 17
2011 5 01 02 28
2011 5 01 02 28
2011 5 01 02 28
2011 5 01 02 28
2011 5 01 02 28
2011 5 01 02 28
2011 5 01 02 51
2011 5 01 05 12
2011 5 01 05 30
2011 5 01 05 48
2011 5 01 06 23
2011 5 01 07 18
2011 5 01 09 01
2011 5 01 09 17
2011 5 01 09 18
2011 5 01 10 21
2011 5 01 12 06
2011 5 01 12 06
2011 5 01 12 33
2011 5 01 13 13
2011 5 01 14 03
2011 5 01 14 44
2011 5 01 16 28
2011 5 01 17 00
2011 5 01 17 00
2011 5 01 17 00
2011 5 01 17 00
2011 5 01 17 00
2011 5 01 17 00
2011 5 01 17 31
2011 5 01 18 06
2011 5 01 18 06
2011 5 01 18 26
2011 5 01 18 33
2011 5 01 19 28
2011 5 01 19 53
2011 5 01 19 53
2011 5 01 20 17
2011 5 01 20 17
2011 5 01 21 00
2011 5 01 21 10
2011 5 01 21 10
2011 5 01 21 10
2011 5 01 21 10
2011 5 01 21 10
2011 5 01 21 10
2011 5 01 21 11
2011 5 01 21 11
2011 5 01 21 17
2011 5 01 21 17
2011 5 01 22 14
2011 5 01 22 21
2011 5 01 22 21
2011 5 01 22 35
2011 5 01 22 35
2011 5 01 23 09
2011 5 01 23 09
2011 5 01 23 32
2011 5 01 23 32
2011 5 01 23 36
2011 5 01 23 36
2011 5 01 23 44
2011 5 01 23 44
2011 5 01 23 58
2011 5 02 00 27
2011 5 02 00 48
2011 5 02 00 48
2011 5 02 00 54
2011 5 02 00 54
2011 5 02 01 05
2011 5 02 01 31
2011 5 02 01 59
2011 5 02 01 59
2011 5 02 02 02
2011 5 02 02 03
2011 5 02 05 03
2011 5 02 05 04
2011 5 02 05 04
2011 5 02 05 04
2011 5 02 05 04
2011 5 02 05 04
2011 5 02 05 06
2011 5 02 05 06
2011 5 02 05 06
2011 5 02 05 06
2011 5 02 05 06
2011 5 02 05 06
2011 5 02 05 06
2011 5 02 05 49
2011 5 02 08 04
2011 5 02 08 04
2011 5 02 08 04
2011 5 02 08 04
2011 5 02 08 04
2011 5 02 08 04
2011 5 02 08 24
2011 5 02 08 24
2011 5 02 08 24
2011 5 02 08 25
2011 5 02 08 25
2011 5 02 08 25
2011 5 02 08 25
2011 5 02 08 25
2011 5 02 09 41
2011 5 02 11 07
2011 5 02 11 36
2011 5 02 11 36
2011 5 02 12 24
2011 5 02 12 36
2011 5 02 12 36
2011 5 02 13 38
2011 5 02 15 06
2011 5 02 15 07
2011 5 02 15 10
2011 5 02 15 10
2011 5 02 15 10
2011 5 02 15 10
2011 5 02 15 10
2011 5 02 15 11
2011 5 02 15 26
2011 5 02 15 37
2011 5 02 15 38
2011 5 02 15 38
2011 5 02 15 38
2011 5 02 15 38
2011 5 02 15 38
2011 5 02 15 38
2011 5 02 15 38
2011 5 02 16 07
2011 5 02 16 07
2011 5 02 16 07
2011 5 02 16 07
2011 5 02 16 07
2011 5 02 16 07
2011 5 02 16 50
2011 5 02 16 50
2011 5 02 17 00
2011 5 02 17 14
2011 5 02 18 03
2011 5 02 18 28
2011 5 02 18 28
2011 5 02 18 28
2011 5 02 18 28
2011 5 02 18 28
2011 5 02 18 28
2011 5 02 18 32
2011 5 02 18 32
2011 5 02 18 37
2011 5 02 19 15
2011 5 02 19 15
2011 5 02 19 15
2011 5 02 19 18
2011 5 02 19 25
2011 5 02 19 25
2011 5 02 19 37
2011 5 02 19 41
2011 5 02 21 06
2011 5 02 21 11
2011 5 02 21 32
2011 5 02 21 32
2011 5 02 21 40
2011 5 02 21 40
2011 5 02 22 01
2011 5 02 22 01
2011 5 02 22 41
2011 5 02 22 42
2011 5 02 22 42
2011 5 02 22 43
2011 5 02 22 44
2011 5 02 22 45
2011 5 02 22 47
2011 5 02 22 57
2011 5 03 00 19
2011 5 03 00 19
2011 5 03 01 32
2011 5 03 01 33
2011 5 03 01 33
2011 5 03 01 33
2011 5 03 01 33
2011 5 03 01 33
2011 5 03 01 33
2011 5 03 01 33
2011 5 03 01 33
2011 5 03 01 33
2011 5 03 01 33
2011 5 03 01 35
2011 5 03 01 44
2011 5 03 01 44
2011 5 03 01 57
2011 5 03 01 57
2011 5 03 02 03
2011 5 03 02 03
2011 5 03 02 06
2011 5 03 02 07
2011 5 03 02 09
2011 5 03 03 03
2011 5 03 03 03
2011 5 03 03 27
2011 5 03 03 27
2011 5 03 03 27
2011 5 03 03 27
2011 5 03 03 27
2011 5 03 03 27
2011 5 03 05 04
2011 5 03 07 02
2011 5 03 07 02
2011 5 03 07 02
2011 5 03 07 02
2011 5 03 07 02
2011 5 03 07 02
2011 5 03 08 04
2011 5 03 08 04
2011 5 03 09 53
2011 5 03 09 53
2011 5 03 09 53
2011 5 03 10 42
2011 5 03 10 42
2011 5 03 11 00
2011 5 03 11 00
2011 5 03 11 17
2011 5 03 11 17
2011 5 03 11 24
2011 5 03 11 25
2011 5 03 12 12
2011 5 03 12 13
2011 5 03 12 13
2011 5 03 12 13
2011 5 03 12 13
2011 5 03 12 13
2011 5 03 12 44
2011 5 03 12 44
2011 5 03 12 44
2011 5 03 12 44
2011 5 03 12 44
2011 5 03 12 44
2011 5 03 12 56
2011 5 03 13 00
2011 5 03 13 00
2011 5 03 13 00
2011 5 03 13 00
2011 5 03 13 00
2011 5 03 13 00
2011 5 03 13 09
2011 5 03 13 14
2011 5 03 13 14
2011 5 03 13 14
2011 5 03 13 14
2011 5 03 13 14
2011 5 03 13 34
2011 5 03 13 34
2011 5 03 13 34
2011 5 03 13 34
2011 5 03 13 34
2011 5 03 13 34
2011 5 03 14 04
2011 5 03 14 04
2011 5 03 14 18
2011 5 03 14 18
2011 5 03 14 41
2011 5 03 14 41
2011 5 03 14 41
2011 5 03 14 41
2011 5 03 14 42
2011 5 03 14 42
2011 5 03 15 23
2011 5 03 15 23
2011 5 03 15 26
2011 5 03 15 26
2011 5 03 15 31
2011 5 03 15 38
2011 5 03 15 38
2011 5 03 15 38
2011 5 03 15 38
2011 5 03 15 38
2011 5 03 15 38
2011 5 03 16 48
2011 5 03 16 48
2011 5 03 16 48
2011 5 03 16 48
2011 5 03 16 48
2011 5 03 16 48
2011 5 03 17 12
2011 5 03 17 13
2011 5 03 18 25
2011 5 03 19 03
2011 5 03 19 03
2011 5 03 20 53
2011 5 03 20 53
2011 5 03 20 54
2011 5 03 22 28
2011 5 03 23 17
2011 5 03 23 43
2011 5 04 00 18
2011 5 04 00 41
2011 5 04 00 46
2011 5 04 00 47
2011 5 04 00 56
2011 5 04 00 56
2011 5 04 00 57
2011 5 04 00 57
2011 5 04 00 57
2011 5 04 00 57
2011 5 04 00 57
2011 5 04 00 57
2011 5 04 00 57
2011 5 04 00 57
2011 5 04 00 57
2011 5 04 00 57
2011 5 04 01 37
2011 5 04 01 51
2011 5 04 01 51
2011 5 04 01 51
2011 5 04 01 51
2011 5 04 01 51
2011 5 04 01 52
2011 5 04 02 05
2011 5 04 02 05
2011 5 04 05 03
2011 5 04 05 03
2011 5 04 05 03
2011 5 04 05 03
2011 5 04 05 03
2011 5 04 05 03
2011 5 04 05 34
2011 5 04 05 34
2011 5 04 05 35
2011 5 04 06 15
2011 5 04 06 24
2011 5 04 06 24
2011 5 04 06 24
2011 5 04 06 25
2011 5 04 06 25
2011 5 04 06 25
2011 5 04 06 26
2011 5 04 07 25
2011 5 04 07 28
2011 5 04 07 34
2011 5 04 07 35
2011 5 04 07 35
2011 5 04 07 35
2011 5 04 07 35
2011 5 04 07 35
2011 5 04 07 35
2011 5 04 07 59
2011 5 04 08 36
2011 5 04 08 49
2011 5 04 09 07
2011 5 04 09 08
2011 5 04 09 34
2011 5 04 09 56
2011 5 04 10 13
2011 5 04 10 42
2011 5 04 10 42
2011 5 04 11 30
2011 5 04 11 33
2011 5 04 11 33
2011 5 04 11 33
2011 5 04 11 34
2011 5 04 11 34
2011 5 04 12 36
2011 5 04 12 46
2011 5 04 12 48
2011 5 04 12 49
2011 5 04 12 49
2011 5 04 12 49
2011 5 04 12 49
2011 5 04 12 49
2011 5 04 12 49
2011 5 04 12 50
2011 5 04 13 03
2011 5 04 13 25
2011 5 04 13 53
2011 5 04 14 08
2011 5 04 14 23
2011 5 04 14 35
2011 5 04 14 52
2011 5 04 15 55
2011 5 04 16 00
2011 5 04 16 02
2011 5 04 17 56
2011 5 04 17 57
2011 5 04 18 06
2011 5 04 18 22
2011 5 04 18 22
2011 5 04 20 25
2011 5 04 20 26
2011 5 04 20 37
2011 5 04 20 37
2011 5 04 21 06
2011 5 04 21 06
2011 5 04 21 13
2011 5 04 21 13
2011 5 04 22 58
2011 5 04 22 58
2011 5 04 22 59
2011 5 04 23 15
2011 5 04 23 17
2011 5 04 23 17
2011 5 05 00 41
2011 5 05 00 41
2011 5 05 01 48
2011 5 05 01 48
2011 5 05 01 48
2011 5 05 01 48
2011 5 05 01 48
2011 5 05 01 48
2011 5 05 02 30
2011 5 05 06 38
2011 5 05 06 38
2011 5 05 06 40
2011 5 05 08 46
2011 5 05 08 46
2011 5 05 10 16
2011 5 05 10 16
2011 5 05 10 24
2011 5 05 10 27
2011 5 05 10 27
2011 5 05 19 15
2011 5 05 19 44
2011 5 05 20 25
2011 5 05 20 48
2011 5 05 20 48
2011 5 05 21 00
2011 5 05 21 21
2011 5 05 22 22
2011 5 05 22 28
2011 5 05 22 42
2011 5 05 22 43
2011 5 05 22 44
2011 5 05 23 05
2011 5 05 23 52
2011 5 05 23 52
2011 5 05 23 59
2011 5 06 00 30
2011 5 06 00 30
2011 5 06 01 17
2011 5 06 01 17
2011 5 06 01 17
2011 5 06 01 17
2011 5 06 01 17
2011 5 06 01 17
2011 5 06 07 12
2011 5 06 07 13
2011 5 06 07 24
2011 5 06 07 24
2011 5 06 07 25
2011 5 06 07 25
2011 5 06 07 25
2011 5 06 07 25
2011 5 06 07 25
2011 5 06 07 25
2011 5 06 07 25
2011 5 06 07 25
2011 5 06 11 24
2011 5 06 11 24
2011 5 06 11 44
2011 5 06 12 46
2011 5 06 12 46
2011 5 06 12 46
2011 5 06 12 46
2011 5 06 12 46
2011 5 06 12 46
2011 5 06 12 46
2011 5 06 12 53
2011 5 06 12 58
2011 5 06 12 58
2011 5 06 13 15
2011 5 06 13 55
2011 5 06 13 58
2011 5 06 14 14
2011 5 06 15 21
2011 5 06 15 30
2011 5 06 15 30
2011 5 06 15 30
2011 5 06 15 30
2011 5 06 15 30
2011 5 06 15 30
2011 5 06 15 30
2011 5 06 15 30
2011 5 06 15 49
2011 5 06 15 49
2011 5 06 15 50
2011 5 06 15 50
2011 5 06 15 54
2011 5 06 15 57
2011 5 06 15 57
2011 5 06 16 41
2011 5 06 16 41
2011 5 06 17 05
2011 5 06 17 05
2011 5 06 17 09
2011 5 06 17 09
2011 5 06 17 39
2011 5 06 17 49
2011 5 06 17 59
2011 5 06 17 59
2011 5 06 18 00
2011 5 06 18 17
2011 5 06 18 17
2011 5 06 18 17
2011 5 06 18 17
2011 5 06 18 17
2011 5 06 18 17
2011 5 06 18 17
2011 5 06 18 17
2011 5 06 18 24
2011 5 06 18 25
2011 5 06 18 25
2011 5 06 18 25
2011 5 06 18 25
2011 5 06 18 25
2011 5 06 18 25
2011 5 06 18 25
2011 5 06 18 25
2011 5 06 18 25
2011 5 06 18 25
2011 5 06 18 25
2011 5 06 18 25
2011 5 06 18 25
2011 5 06 18 25
2011 5 06 18 25
2011 5 06 18 25
2011 5 06 18 25
2011 5 06 18 25
2011 5 06 18 26
2011 5 06 18 26
2011 5 06 18 26
2011 5 06 18 26
2011 5 06 18 26
2011 5 06 18 26
2011 5 06 18 26
2011 5 06 18 26
2011 5 06 18 26
2011 5 06 18 26
2011 5 06 18 26
2011 5 06 18 26
2011 5 06 18 26
2011 5 06 18 26
2011 5 06 18 26
2011 5 06 18 26
2011 5 06 18 26
2011 5 06 18 26
2011 5 06 18 26
2011 5 06 18 26
2011 5 06 18 26
2011 5 06 18 27
2011 5 06 18 27
2011 5 06 18 28
2011 5 06 18 28
2011 5 06 18 28
2011 5 06 18 28
2011 5 06 18 28
2011 5 06 18 28
2011 5 06 18 32
2011 5 06 18 32
2011 5 06 18 32
2011 5 06 18 32
2011 5 06 18 32
2011 5 06 18 32
2011 5 06 18 32
2011 5 06 18 32
2011 5 06 18 32
2011 5 06 18 32
2011 5 06 18 32
2011 5 06 18 32
2011 5 06 18 32
2011 5 06 18 32
2011 5 06 18 32
2011 5 06 18 32
2011 5 06 18 32
2011 5 06 18 32
2011 5 06 18 32
2011 5 06 18 32
2011 5 06 18 33
2011 5 06 18 33
2011 5 06 18 33
2011 5 06 18 33
2011 5 06 18 34
2011 5 06 18 35
2011 5 06 18 42
2011 5 06 18 42
2011 5 06 18 42
2011 5 06 18 42
2011 5 06 18 42
2011 5 06 18 42
2011 5 06 18 42
2011 5 06 18 42
2011 5 06 18 42
2011 5 06 18 42
2011 5 06 18 43
2011 5 06 18 43
2011 5 06 18 43
2011 5 06 18 43
2011 5 06 18 43
2011 5 06 18 43
2011 5 06 18 43
2011 5 06 18 44
2011 5 06 18 56
2011 5 06 18 56
2011 5 06 18 56
2011 5 06 18 56
2011 5 06 18 56
2011 5 06 18 56
2011 5 06 18 56
2011 5 06 18 56
2011 5 06 18 56
2011 5 06 18 56
2011 5 06 18 57
2011 5 06 18 57
2011 5 06 18 57
2011 5 06 18 57
2011 5 06 18 57
2011 5 06 18 57
2011 5 06 18 57
2011 5 06 18 57
2011 5 06 18 57
2011 5 06 18 57
2011 5 06 18 57
2011 5 06 18 57
2011 5 06 18 57
2011 5 06 18 58
2011 5 06 19 05
2011 5 06 19 12
2011 5 06 19 13
2011 5 06 19 13
2011 5 06 19 13
2011 5 06 19 13
2011 5 06 19 13
2011 5 06 19 13
2011 5 06 19 13
2011 5 06 19 13
2011 5 06 19 13
2011 5 06 19 13
2011 5 06 19 13
2011 5 06 19 13
2011 5 06 19 13
2011 5 06 19 13
2011 5 06 19 13
2011 5 06 19 13
2011 5 06 19 13
2011 5 06 19 13
2011 5 06 19 13
2011 5 06 19 13
2011 5 06 19 13
2011 5 06 19 13
2011 5 06 19 13
2011 5 06 19 13
2011 5 06 19 13
2011 5 06 19 13
2011 5 06 19 13
2011 5 06 19 13
2011 5 06 19 13
2011 5 06 19 14
2011 5 06 19 20
2011 5 06 19 20
2011 5 06 19 20
2011 5 06 19 20
2011 5 06 19 20
2011 5 06 19 20
2011 5 06 19 20
2011 5 06 19 20
2011 5 06 19 21
2011 5 06 19 21
2011 5 06 19 40
2011 5 06 19 40
2011 5 06 19 40
2011 5 06 19 40
2011 5 06 19 40
2011 5 06 19 40
2011 5 06 19 40
2011 5 06 19 40
2011 5 06 19 40
2011 5 06 19 40
2011 5 06 19 40
2011 5 06 19 40
2011 5 06 19 40
2011 5 06 19 40
2011 5 06 19 40
2011 5 06 19 40
2011 5 06 19 40
2011 5 06 19 40
2011 5 06 19 40
2011 5 06 19 40
2011 5 06 19 40
2011 5 06 19 40
2011 5 06 19 40
2011 5 06 19 40
2011 5 06 19 40
2011 5 06 19 40
2011 5 06 19 40
2011 5 06 19 40
2011 5 06 19 40
2011 5 06 19 40
2011 5 06 19 40
2011 5 06 19 40
2011 5 06 19 58
2011 5 06 20 31
2011 5 06 20 40
2011 5 06 20 41
2011 5 06 21 04
2011 5 06 21 04
2011 5 06 22 39
2011 5 06 22 39
2011 5 06 23 02
2011 5 07 00 55
2011 5 07 00 55
2011 5 07 00 55
2011 5 07 00 55
2011 5 07 00 55
2011 5 07 00 55
2011 5 07 01 21
2011 5 07 01 21
2011 5 07 01 22
2011 5 07 01 22
2011 5 07 01 27
2011 5 07 01 27
2011 5 07 01 38
2011 5 07 01 39
2011 5 07 01 39
2011 5 07 01 39
2011 5 07 01 39
2011 5 07 01 39
2011 5 07 01 39
2011 5 07 02 00
2011 5 07 02 00
2011 5 07 02 33
2011 5 07 02 33
2011 5 07 02 34
2011 5 07 04 34
2011 5 07 04 34
2011 5 07 04 38
2011 5 07 04 38
2011 5 07 04 38
2011 5 07 04 38
2011 5 07 04 38
2011 5 07 04 38
2011 5 07 04 38
2011 5 07 04 38
2011 5 07 04 39
2011 5 07 05 00
2011 5 07 05 00
2011 5 07 05 43
2011 5 07 05 44
2011 5 07 07 02
2011 5 07 08 49
2011 5 07 08 49
2011 5 07 09 24
2011 5 07 09 24
2011 5 07 10 10
2011 5 07 11 09
2011 5 07 11 09
2011 5 07 11 09
2011 5 07 11 09
2011 5 07 11 09
2011 5 07 11 09
2011 5 07 11 29
2011 5 07 11 32
2011 5 07 11 37
2011 5 07 13 16
2011 5 07 13 16
2011 5 07 13 16
2011 5 07 13 16
2011 5 07 16 34
2011 5 07 16 34
2011 5 07 16 34
2011 5 07 16 34
2011 5 07 16 34
2011 5 07 16 34
2011 5 07 16 40
2011 5 07 17 03
2011 5 07 17 06
2011 5 07 17 06
2011 5 07 17 36
2011 5 07 17 36
2011 5 07 17 39
2011 5 07 17 39
2011 5 07 17 39
2011 5 07 17 39
2011 5 07 17 39
2011 5 07 17 39
2011 5 07 17 39
2011 5 07 17 39
2011 5 07 17 40
2011 5 07 17 40
2011 5 07 17 40
2011 5 07 17 40
2011 5 07 17 40
2011 5 07 17 40
2011 5 07 18 05
2011 5 07 18 06
2011 5 07 18 06
2011 5 07 18 46
2011 5 07 18 46
2011 5 07 19 17
2011 5 07 19 17
2011 5 07 19 28
2011 5 07 19 28
2011 5 07 19 28
2011 5 07 19 28
2011 5 07 19 28
2011 5 07 19 28
2011 5 07 19 28
2011 5 07 19 29
2011 5 07 19 32
2011 5 07 19 32
2011 5 07 19 34
2011 5 07 19 34
2011 5 07 20 54
2011 5 07 20 57
2011 5 07 20 59
2011 5 07 21 29
2011 5 07 21 29
2011 5 07 21 49
2011 5 07 21 49
2011 5 07 22 28
2011 5 07 22 28
2011 5 07 22 32
2011 5 07 22 32
2011 5 07 23 21
2011 5 07 23 21
2011 5 07 23 39
2011 5 07 23 39
2011 5 07 23 51
2011 5 07 23 51
2011 5 07 23 53
2011 5 07 23 53
2011 5 08 00 07
2011 5 08 00 07
2011 5 08 00 22
2011 5 08 00 22
2011 5 08 00 24
2011 5 08 00 24
2011 5 08 00 45
2011 5 08 00 45
2011 5 08 00 59
2011 5 08 00 59
2011 5 08 00 59
2011 5 08 00 59
2011 5 08 00 59
2011 5 08 00 59
2011 5 08 00 59
2011 5 08 00 59
2011 5 08 00 59
2011 5 08 01 05
2011 5 08 01 05
2011 5 08 01 36
2011 5 08 01 36
2011 5 08 02 25
2011 5 08 03 18
2011 5 08 03 18
2011 5 08 03 19
2011 5 08 03 24
2011 5 08 03 24
2011 5 08 03 59
2011 5 08 03 59
2011 5 08 05 38
2011 5 08 05 38
2011 5 08 05 59
2011 5 08 05 59
2011 5 08 05 59
2011 5 08 06 00
2011 5 08 06 00
2011 5 08 06 00
2011 5 08 06 00
2011 5 08 06 00
2011 5 08 06 00
2011 5 08 06 00
2011 5 08 06 00
2011 5 08 06 00
2011 5 08 06 00
2011 5 08 06 00
2011 5 08 06 00
2011 5 08 06 03
2011 5 08 06 04
2011 5 08 06 04
2011 5 08 06 04
2011 5 08 06 04
2011 5 08 06 04
2011 5 08 06 04
2011 5 08 06 04
2011 5 08 06 04
2011 5 08 06 04
2011 5 08 06 04
2011 5 08 06 04
2011 5 08 06 04
2011 5 08 06 04
2011 5 08 06 04
2011 5 08 06 04
2011 5 08 06 04
2011 5 08 06 04
2011 5 08 06 04
2011 5 08 06 04
2011 5 08 06 04
2011 5 08 06 04
2011 5 08 06 05
2011 5 08 06 18
2011 5 08 06 18
2011 5 08 06 19
2011 5 08 06 19
2011 5 08 06 19
2011 5 08 06 19
2011 5 08 06 19
2011 5 08 06 19
2011 5 08 06 19
2011 5 08 06 19
2011 5 08 06 19
2011 5 08 06 21
2011 5 08 06 21
2011 5 08 06 21
2011 5 08 06 21
2011 5 08 06 21
2011 5 08 06 21
2011 5 08 06 21
2011 5 08 06 21
2011 5 08 06 21
2011 5 08 06 36
2011 5 08 06 36
2011 5 08 06 37
2011 5 08 08 56
2011 5 08 09 59
2011 5 08 09 59
2011 5 08 10 00
2011 5 08 10 00
2011 5 08 10 00
2011 5 08 10 00
2011 5 08 10 00
2011 5 08 10 00
2011 5 08 10 59
2011 5 08 10 59
2011 5 08 12 00
2011 5 08 12 00
2011 5 08 12 31
2011 5 08 12 31
2011 5 08 12 31
2011 5 08 12 31
2011 5 08 12 31
2011 5 08 12 31
2011 5 08 12 32
2011 5 08 12 32
2011 5 08 13 11
2011 5 08 13 13
2011 5 08 14 08
2011 5 08 14 08
2011 5 08 14 09
2011 5 08 14 09
2011 5 08 15 30
2011 5 08 15 30
2011 5 08 15 39
2011 5 08 16 01
2011 5 08 16 01
2011 5 08 16 02
2011 5 08 16 15
2011 5 08 16 15
2011 5 08 16 15
2011 5 08 16 15
2011 5 08 16 15
2011 5 08 16 15
2011 5 08 16 15
2011 5 08 16 15
2011 5 08 16 15
2011 5 08 16 15
2011 5 08 16 15
2011 5 08 16 58
2011 5 08 16 58
2011 5 08 17 11
2011 5 08 18 08
2011 5 08 18 08
2011 5 08 18 19
2011 5 08 18 19
2011 5 08 18 19
2011 5 08 18 19
2011 5 08 18 19
2011 5 08 18 19
2011 5 08 18 22
2011 5 08 18 30
2011 5 08 18 30
2011 5 08 19 05
2011 5 08 19 05
2011 5 08 19 31
2011 5 08 19 39
2011 5 08 19 48
2011 5 08 19 57
2011 5 08 20 00
2011 5 08 20 00
2011 5 08 20 07
2011 5 08 20 13
2011 5 08 20 14
2011 5 08 20 14
2011 5 08 20 14
2011 5 08 20 14
2011 5 08 20 14
2011 5 08 20 15
2011 5 08 20 22
2011 5 08 20 22
2011 5 08 20 22
2011 5 08 20 35
2011 5 08 20 42
2011 5 08 20 42
2011 5 08 20 44
2011 5 08 22 16
2011 5 08 22 26
2011 5 08 22 28
2011 5 08 22 28
2011 5 08 22 34
2011 5 08 22 41
2011 5 08 22 50
2011 5 08 22 57
2011 5 08 23 04
2011 5 08 23 12
2011 5 08 23 19
2011 5 08 23 28
2011 5 08 23 52
2011 5 09 00 35
2011 5 09 01 00
2011 5 09 01 00
2011 5 09 01 11
2011 5 09 01 11
2011 5 09 01 11
2011 5 09 01 11
2011 5 09 01 11
2011 5 09 01 11
2011 5 09 01 11
2011 5 09 01 11
2011 5 09 01 11
2011 5 09 01 11
2011 5 09 01 11
2011 5 09 01 11
2011 5 09 01 12
2011 5 09 01 12
2011 5 09 01 12
2011 5 09 01 12
2011 5 09 01 12
2011 5 09 01 12
2011 5 09 01 12
2011 5 09 01 12
2011 5 09 01 12
2011 5 09 01 20
2011 5 09 01 20
2011 5 09 01 20
2011 5 09 01 20
2011 5 09 01 20
2011 5 09 01 20
2011 5 09 01 20
2011 5 09 01 20
2011 5 09 01 20
2011 5 09 01 29
2011 5 09 01 30
2011 5 09 01 31
2011 5 09 01 31
2011 5 09 01 31
2011 5 09 01 31
2011 5 09 01 31
2011 5 09 02 19
2011 5 09 03 23
2011 5 09 03 23
2011 5 09 03 41
2011 5 09 03 41
2011 5 09 03 41
2011 5 09 03 41
2011 5 09 03 41
2011 5 09 03 41
2011 5 09 03 53
2011 5 09 03 53
2011 5 09 03 58
2011 5 09 04 28
2011 5 09 04 29
2011 5 09 05 04
2011 5 09 05 04
2011 5 09 05 04
2011 5 09 05 05
2011 5 09 05 05
2011 5 09 05 05
2011 5 09 05 05
2011 5 09 05 05
2011 5 09 05 05
2011 5 09 05 07
2011 5 09 05 07
2011 5 09 05 07
2011 5 09 05 07
2011 5 09 05 07
2011 5 09 06 33
2011 5 09 07 39
2011 5 09 09 04
2011 5 09 09 05
2011 5 09 09 24
2011 5 09 11 32
2011 5 09 11 41
2011 5 09 11 49
2011 5 09 12 07
2011 5 09 12 07
2011 5 09 12 44
2011 5 09 12 52
2011 5 09 13 10
2011 5 09 13 17
2011 5 09 13 17
2011 5 09 13 26
2011 5 09 13 26
2011 5 09 13 59
2011 5 09 14 00
2011 5 09 14 23
2011 5 09 14 24
2011 5 09 14 35
2011 5 09 15 01
2011 5 09 16 06
2011 5 09 16 06
2011 5 09 16 07
2011 5 09 16 07
2011 5 09 16 07
2011 5 09 16 08
2011 5 09 16 08
2011 5 09 16 08
2011 5 09 16 08
2011 5 09 16 08
2011 5 09 16 08
2011 5 09 16 17
2011 5 09 16 18
2011 5 09 16 18
2011 5 09 16 18
2011 5 09 16 18
2011 5 09 16 18
2011 5 09 16 18
2011 5 09 16 18
2011 5 09 16 18
2011 5 09 16 20
2011 5 09 16 20
2011 5 09 16 36
2011 5 09 16 37
2011 5 09 16 38
2011 5 09 17 00
2011 5 09 17 00
2011 5 09 17 01
2011 5 09 17 29
2011 5 09 17 38
2011 5 09 17 39
2011 5 09 17 39
2011 5 09 17 39
2011 5 09 17 39
2011 5 09 17 40
2011 5 09 17 40
2011 5 09 17 41
2011 5 09 17 41
2011 5 09 17 46
2011 5 09 17 46
2011 5 09 17 55
2011 5 09 17 55
2011 5 09 19 19
2011 5 09 20 48
2011 5 09 20 48
2011 5 09 21 03
2011 5 09 21 03
2011 5 09 21 26
2011 5 09 21 26
2011 5 09 21 26
2011 5 09 21 27
2011 5 09 21 27
2011 5 09 21 27
2011 5 09 22 24
2011 5 09 22 24
2011 5 09 22 24
2011 5 09 22 24
2011 5 09 22 24
2011 5 09 22 24
2011 5 09 23 05
2011 5 09 23 08
2011 5 09 23 09
2011 5 09 23 43
2011 5 10 00 21
2011 5 10 02 18
2011 5 10 02 18
2011 5 10 02 31
2011 5 10 02 32
2011 5 10 02 36
2011 5 10 02 36
2011 5 10 02 36
2011 5 10 02 36
2011 5 10 02 36
2011 5 10 02 36
2011 5 10 02 36
2011 5 10 02 36
2011 5 10 02 36
2011 5 10 02 37
2011 5 10 03 37
2011 5 10 03 37
2011 5 10 03 37
2011 5 10 03 37
2011 5 10 03 37
2011 5 10 03 37
2011 5 10 04 08
2011 5 10 04 08
2011 5 10 04 08
2011 5 10 04 08
2011 5 10 04 08
2011 5 10 04 08
2011 5 10 04 43
2011 5 10 05 47
2011 5 10 08 04
2011 5 10 08 04
2011 5 10 08 06
2011 5 10 08 07
2011 5 10 08 47
2011 5 10 08 47
2011 5 10 08 55
2011 5 10 09 00
2011 5 10 09 00
2011 5 10 09 00
2011 5 10 09 01
2011 5 10 09 53
2011 5 10 09 53
2011 5 10 09 53
2011 5 10 09 53
2011 5 10 09 53
2011 5 10 09 53
2011 5 10 09 57
2011 5 10 10 22
2011 5 10 10 22
2011 5 10 10 22
2011 5 10 10 22
2011 5 10 10 22
2011 5 10 10 22
2011 5 10 10 22
2011 5 10 10 22
2011 5 10 10 22
2011 5 10 10 22
2011 5 01 00 10
2011 5 01 00 10
2011 5 01 00 19
2011 5 01 01 27
2011 5 01 02 17
2011 5 01 02 28
2011 5 01 02 28
2011 5 01 02 28
2011 5 01 02 28
2011 5 01 02 28
2011 5 01 02 28
2011 5 01 02 51
2011 5 01 05 12
2011 5 01 05 30
2011 5 01 05 48
2011 5 01 06 23
2011 5 01 07 18
2011 5 01 09 01
2011 5 01 09 17
2011 5 01 09 18
2011 5 01 10 21
2011 5 01 12 06
2011 5 01 12 06
2011 5 01 12 33
2011 5 01 13 13
2011 5 01 14 03
2011 5 01 14 44
2011 5 01 16 28
2011 5 01 17 00
2011 5 01 17 00
2011 5 01 17 00
2011 5 01 17 00
2011 5 01 17 00
2011 5 01 17 00
2011 5 01 17 31
2011 5 01 18 06
2011 5 01 18 06
2011 5 01 18 26
2011 5 01 18 33
2011 5 01 19 28
2011 5 01 19 53
2011 5 01 19 53
2011 5 01 20 17
2011 5 01 20 17
2011 5 01 21 00
2011 5 01 21 10
2011 5 01 21 10
2011 5 01 21 10
2011 5 01 21 10
2011 5 01 21 10
2011 5 01 21 10
2011 5 01 21 11
2011 5 01 21 11
2011 5 01 21 17
2011 5 01 21 17
2011 5 01 22 14
2011 5 01 22 21
2011 5 01 22 21
2011 5 01 22 35
2011 5 01 22 35
2011 5 01 23 09
2011 5 01 23 09
2011 5 01 23 32
2011 5 01 23 32
2011 5 01 23 36
2011 5 01 23 36
2011 5 01 23 44
2011 5 01 23 44
2011 5 01 23 58
2011 5 02 00 27
2011 5 02 00 48
2011 5 02 00 48
2011 5 02 00 54
2011 5 02 00 54
2011 5 02 01 05
2011 5 02 01 31
2011 5 02 01 59
2011 5 02 01 59
2011 5 02 02 02
2011 5 02 02 03
2011 5 02 05 03
2011 5 02 05 04
2011 5 02 05 04
2011 5 02 05 04
2011 5 02 05 04
2011 5 02 05 04
2011 5 02 05 06
2011 5 02 05 06
2011 5 02 05 06
2011 5 02 05 06
2011 5 02 05 06
2011 5 02 05 06
2011 5 02 05 06
2011 5 02 05 49
2011 5 02 08 04
2011 5 02 08 04
2011 5 02 08 04
2011 5 02 08 04
2011 5 02 08 04
2011 5 02 08 04
2011 5 02 08 24
2011 5 02 08 24
2011 5 02 08 24
2011 5 02 08 25
2011 5 02 08 25
2011 5 02 08 25
2011 5 02 08 25
2011 5 02 08 25
2011 5 02 09 41
2011 5 02 11 07
2011 5 02 11 36
2011 5 02 11 36
2011 5 02 12 24
2011 5 02 12 36
2011 5 02 12 36
2011 5 02 13 38
2011 5 02 15 06
2011 5 02 15 07
2011 5 02 15 10
2011 5 02 15 10
2011 5 02 15 10
2011 5 02 15 10
2011 5 02 15 10
2011 5 02 15 11
2011 5 02 15 26
2011 5 02 15 37
2011 5 02 15 38
2011 5 02 15 38
2011 5 02 15 38
2011 5 02 15 38
2011 5 02 15 38
2011 5 02 15 38
2011 5 02 15 38
2011 5 02 16 07
2011 5 02 16 07
2011 5 02 16 07
2011 5 02 16 07
2011 5 02 16 07
2011 5 02 16 07
2011 5 02 16 50
2011 5 02 16 50
2011 5 02 17 00
2011 5 02 17 14
2011 5 02 18 03
2011 5 02 18 28
2011 5 02 18 28
2011 5 02 18 28
2011 5 02 18 28
2011 5 02 18 28
2011 5 02 18 28
2011 5 02 18 32
2011 5 02 18 32
2011 5 02 18 37
2011 5 02 19 15
2011 5 02 19 15
2011 5 02 19 15
2011 5 02 19 18
2011 5 02 19 25
2011 5 02 19 25
2011 5 02 19 37
2011 5 02 19 41
2011 5 02 21 06
2011 5 02 21 11
2011 5 02 21 32
2011 5 02 21 32
2011 5 02 21 40
2011 5 02 21 40
2011 5 02 22 01
2011 5 02 22 01
2011 5 02 22 41
2011 5 02 22 42
2011 5 02 22 42
2011 5 02 22 43
2011 5 02 22 44
2011 5 02 22 45
2011 5 02 22 47
2011 5 02 22 57
2011 5 03 00 19
2011 5 03 00 19
2011 5 03 01 32
2011 5 03 01 33
2011 5 03 01 33
2011 5 03 01 33
2011 5 03 01 33
2011 5 03 01 33
2011 5 03 01 33
2011 5 03 01 33
2011 5 03 01 33
2011 5 03 01 33
2011 5 03 01 33
2011 5 03 01 35
2011 5 03 01 44
2011 5 03 01 44
2011 5 03 01 57
2011 5 03 01 57
2011 5 03 02 03
2011 5 03 02 03
2011 5 03 02 06
2011 5 03 02 07
2011 5 03 02 09
2011 5 03 03 03
2011 5 03 03 03
2011 5 03 03 27
2011 5 03 03 27
2011 5 03 03 27
2011 5 03 03 27
2011 5 03 03 27
2011 5 03 03 27
2011 5 03 05 04
2011 5 03 07 02
2011 5 03 07 02
2011 5 03 07 02
2011 5 03 07 02
2011 5 03 07 02
2011 5 03 07 02
2011 5 03 08 04
2011 5 03 08 04
2011 5 03 09 53
2011 5 03 09 53
2011 5 03 09 53
2011 5 03 10 42
2011 5 03 10 42
2011 5 03 11 00
2011 5 03 11 00
2011 5 03 11 17
2011 5 03 11 17
2011 5 03 11 24
2011 5 03 11 25
2011 5 03 12 12
2011 5 03 12 13
2011 5 03 12 13
2011 5 03 12 13
2011 5 03 12 13
2011 5 03 12 13
2011 5 03 12 44
2011 5 03 12 44
2011 5 03 12 44
2011 5 03 12 44
2011 5 03 12 44
2011 5 03 12 44
2011 5 03 12 56
2011 5 03 13 00
2011 5 03 13 00
2011 5 03 13 00
2011 5 03 13 00
2011 5 03 13 00
2011 5 03 13 00
2011 5 03 13 09
2011 5 03 13 14
2011 5 03 13 14
2011 5 03 13 14
2011 5 03 13 14
2011 5 03 13 14
2011 5 03 13 34
2011 5 03 13 34
2011 5 03 13 34
2011 5 03 13 34
2011 5 03 13 34
2011 5 03 13 34
2011 5 03 14 04
2011 5 03 14 04
2011 5 03 14 18
2011 5 03 14 18
2011 5 03 14 41
2011 5 03 14 41
2011 5 03 14 41
2011 5 03 14 41
2011 5 03 14 42
2011 5 03 14 42
2011 5 03 15 23
2011 5 03 15 23
2011 5 03 15 26
2011 5 03 15 26
2011 5 03 15 31
2011 5 03 15 38
2011 5 03 15 38
2011 5 03 15 38
2011 5 03 15 38
2011 5 03 15 38
2011 5 03 15 38
2011 5 03 16 48
2011 5 03 16 48
2011 5 03 16 48
2011 5 03 16 48
2011 5 03 16 48
2011 5 03 16 48
2011 5 03 17 12
2011 5 03 17 13
2011 5 03 18 25
2011 5 03 19 03
2011 5 03 19 03
2011 5 03 20 53
2011 5 03 20 53
2011 5 03 20 54
2011 5 03 22 28
2011 5 03 23 17
2011 5 03 23 43
2011 5 04 00 18
2011 5 04 00 41
2011 5 04 00 46
2011 5 04 00 47
2011 5 04 00 56
2011 5 04 00 56
2011 5 04 00 57
2011 5 04 00 57
2011 5 04 00 57
2011 5 04 00 57
2011 5 04 00 57
2011 5 04 00 57
2011 5 04 00 57
2011 5 04 00 57
2011 5 04 00 57
2011 5 04 00 57
2011 5 04 01 37
2011 5 04 01 51
2011 5 04 01 51
2011 5 04 01 51
2011 5 04 01 51
2011 5 04 01 51
2011 5 04 01 52
2011 5 04 02 05
2011 5 04 02 05
2011 5 04 05 03
2011 5 04 05 03
2011 5 04 05 03
2011 5 04 05 03
2011 5 04 05 03
2011 5 04 05 03
2011 5 04 05 34
2011 5 04 05 34
2011 5 04 05 35
2011 5 04 06 15
2011 5 04 06 24
2011 5 04 06 24
2011 5 04 06 24
2011 5 04 06 25
2011 5 04 06 25
2011 5 04 06 25
2011 5 04 06 26
2011 5 04 07 25
2011 5 04 07 28
2011 5 04 07 34
2011 5 04 07 35
2011 5 04 07 35
2011 5 04 07 35
2011 5 04 07 35
2011 5 04 07 35
2011 5 04 07 35
2011 5 04 07 59
2011 5 04 08 36
2011 5 04 08 49
2011 5 04 09 07
2011 5 04 09 08
2011 5 04 09 34
2011 5 04 09 56
2011 5 04 10 13
2011 5 04 10 42
2011 5 04 10 42
2011 5 04 11 30
2011 5 04 11 33
2011 5 04 11 33
2011 5 04 11 33
2011 5 04 11 34
2011 5 04 11 34
2011 5 04 12 36
2011 5 04 12 46
2011 5 04 12 48
2011 5 04 12 49
2011 5 04 12 49
2011 5 04 12 49
2011 5 04 12 49
2011 5 04 12 49
2011 5 04 12 49
2011 5 04 12 50
2011 5 04 13 03
2011 5 04 13 25
2011 5 04 13 53
2011 5 04 14 08
2011 5 04 14 23
2011 5 04 14 35
2011 5 04 14 52
2011 5 04 15 55
2011 5 04 16 00
2011 5 04 16 02
2011 5 04 17 56
2011 5 04 17 57
2011 5 04 18 06
2011 5 04 18 22
2011 5 04 18 22
2011 5 04 20 25
2011 5 04 20 26
2011 5 04 20 37
2011 5 04 20 37
2011 5 04 21 06
2011 5 04 21 06
2011 5 04 21 13
2011 5 04 21 13
2011 5 04 22 58
2011 5 04 22 58
2011 5 04 22 59
2011 5 04 23 15
2011 5 04 23 17
2011 5 04 23 17
2011 5 05 00 41
2011 5 05 00 41
2011 5 05 01 48
2011 5 05 01 48
2011 5 05 01 48
2011 5 05 01 48
2011 5 05 01 48
2011 5 05 01 48
2011 5 05 02 30
2011 5 05 06 38
2011 5 05 06 38
2011 5 05 06 40
2011 5 05 08 46
2011 5 05 08 46
2011 5 05 10 16
2011 5 05 10 16
2011 5 05 10 24
2011 5 05 10 27
2011 5 05 10 27
2011 5 05 19 15
2011 5 05 19 44
2011 5 05 20 25
2011 5 05 20 48
2011 5 05 20 48
2011 5 05 21 00
2011 5 05 21 21
2011 5 05 22 22
2011 5 05 22 28
2011 5 05 22 42
2011 5 05 22 43
2011 5 05 22 44
2011 5 05 23 05
2011 5 05 23 52
2011 5 05 23 52
2011 5 05 23 59
2011 5 06 00 30
2011 5 06 00 30
2011 5 06 01 17
2011 5 06 01 17
2011 5 06 01 17
2011 5 06 01 17
2011 5 06 01 17
2011 5 06 01 17
2011 5 06 07 12
2011 5 06 07 13
2011 5 06 07 24
2011 5 06 07 24
2011 5 06 07 25
2011 5 06 07 25
2011 5 06 07 25
2011 5 06 07 25
2011 5 06 07 25
2011 5 06 07 25
2011 5 06 07 25
2011 5 06 07 25
2011 5 06 11 24
2011 5 06 11 24
2011 5 06 11 44
2011 5 06 12 46
2011 5 06 12 46
2011 5 06 12 46
2011 5 06 12 46
2011 5 06 12 46
2011 5 06 12 46
2011 5 06 12 46
2011 5 06 12 53
2011 5 06 12 58
2011 5 06 12 58
2011 5 06 13 15
2011 5 06 13 55
2011 5 06 13 58
2011 5 06 14 14
2011 5 06 15 21
2011 5 06 15 30
2011 5 06 15 30
2011 5 06 15 30
2011 5 06 15 30
2011 5 06 15 30
2011 5 06 15 30
2011 5 06 15 30
2011 5 06 15 30
2011 5 06 15 49
2011 5 06 15 49
2011 5 06 15 50
2011 5 06 15 50
2011 5 06 15 54
2011 5 06 15 57
2011 5 06 15 57
2011 5 06 16 41
2011 5 06 16 41
2011 5 06 17 05
2011 5 06 17 05
2011 5 06 17 09
2011 5 06 17 09
2011 5 06 17 39
2011 5 06 17 49
2011 5 06 17 59
2011 5 06 17 59
2011 5 06 18 00
2011 5 06 18 17
2011 5 06 18 17
2011 5 06 18 17
2011 5 06 18 17
2011 5 06 18 17
2011 5 06 18 17
2011 5 06 18 17
2011 5 06 18 17
2011 5 06 18 24
2011 5 06 18 25
2011 5 06 18 25
2011 5 06 18 25
2011 5 06 18 25
2011 5 06 18 25
2011 5 06 18 25
2011 5 06 18 25
2011 5 06 18 25
2011 5 06 18 25
2011 5 06 18 25
2011 5 06 18 25
2011 5 06 18 25
2011 5 06 18 25
2011 5 06 18 25
2011 5 06 18 25
2011 5 06 18 25
2011 5 06 18 25
2011 5 06 18 25
2011 5 06 18 26
2011 5 06 18 26
2011 5 06 18 26
2011 5 06 18 26
2011 5 06 18 26
2011 5 06 18 26
2011 5 06 18 26
2011 5 06 18 26
2011 5 06 18 26
2011 5 06 18 26
2011 5 06 18 26
2011 5 06 18 26
2011 5 06 18 26
2011 5 06 18 26
2011 5 06 18 26
2011 5 06 18 26
2011 5 06 18 26
2011 5 06 18 26
2011 5 06 18 26
2011 5 06 18 26
2011 5 06 18 26
2011 5 06 18 27
2011 5 06 18 27
2011 5 06 18 28
2011 5 06 18 28
2011 5 06 18 28
2011 5 06 18 28
2011 5 06 18 28
2011 5 06 18 28
2011 5 06 18 32
2011 5 06 18 32
2011 5 06 18 32
2011 5 06 18 32
2011 5 06 18 32
2011 5 06 18 32
2011 5 06 18 32
2011 5 06 18 32
2011 5 06 18 32
2011 5 06 18 32
2011 5 06 18 32
2011 5 06 18 32
2011 5 06 18 32
2011 5 06 18 32
2011 5 06 18 32
2011 5 06 18 32
2011 5 06 18 32
2011 5 06 18 32
2011 5 06 18 32
2011 5 06 18 32
2011 5 06 18 33
2011 5 06 18 33
2011 5 06 18 33
2011 5 06 18 33
2011 5 06 18 34
2011 5 06 18 35
2011 5 06 18 42
2011 5 06 18 42
2011 5 06 18 42
2011 5 06 18 42
2011 5 06 18 42
2011 5 06 18 42
2011 5 06 18 42
2011 5 06 18 42
2011 5 06 18 42
2011 5 06 18 42
2011 5 06 18 43
2011 5 06 18 43
2011 5 06 18 43
2011 5 06 18 43
2011 5 06 18 43
2011 5 06 18 43
2011 5 06 18 43
2011 5 06 18 44
2011 5 06 18 56
2011 5 06 18 56
2011 5 06 18 56
2011 5 06 18 56
2011 5 06 18 56
2011 5 06 18 56
2011 5 06 18 56
2011 5 06 18 56
2011 5 06 18 56
2011 5 06 18 56
2011 5 06 18 57
2011 5 06 18 57
2011 5 06 18 57
2011 5 06 18 57
2011 5 06 18 57
2011 5 06 18 57
2011 5 06 18 57
2011 5 06 18 57
2011 5 06 18 57
2011 5 06 18 57
2011 5 06 18 57
2011 5 06 18 57
2011 5 06 18 57
2011 5 06 18 58
2011 5 06 19 05
2011 5 06 19 12
2011 5 06 19 13
2011 5 06 19 13
2011 5 06 19 13
2011 5 06 19 13
2011 5 06 19 13
2011 5 06 19 13
2011 5 06 19 13
2011 5 06 19 13
2011 5 06 19 13
2011 5 06 19 13
2011 5 06 19 13
2011 5 06 19 13
2011 5 06 19 13
2011 5 06 19 13
2011 5 06 19 13
2011 5 06 19 13
2011 5 06 19 13
2011 5 06 19 13
2011 5 06 19 13
2011 5 06 19 13
2011 5 06 19 13
2011 5 06 19 13
2011 5 06 19 13
2011 5 06 19 13
2011 5 06 19 13
2011 5 06 19 13
2011 5 06 19 13
2011 5 06 19 13
2011 5 06 19 13
2011 5 06 19 14
2011 5 06 19 20
2011 5 06 19 20
2011 5 06 19 20
2011 5 06 19 20
2011 5 06 19 20
2011 5 06 19 20
2011 5 06 19 20
2011 5 06 19 20
2011 5 06 19 21
2011 5 06 19 21
2011 5 06 19 40
2011 5 06 19 40
2011 5 06 19 40
2011 5 06 19 40
2011 5 06 19 40
2011 5 06 19 40
2011 5 06 19 40
2011 5 06 19 40
2011 5 06 19 40
2011 5 06 19 40
2011 5 06 19 40
2011 5 06 19 40
2011 5 06 19 40
2011 5 06 19 40
2011 5 06 19 40
2011 5 06 19 40
2011 5 06 19 40
2011 5 06 19 40
2011 5 06 19 40
2011 5 06 19 40
2011 5 06 19 40
2011 5 06 19 40
2011 5 06 19 40
2011 5 06 19 40
2011 5 06 19 40
2011 5 06 19 40
2011 5 06 19 40
2011 5 06 19 40
2011 5 06 19 40
2011 5 06 19 40
2011 5 06 19 40
2011 5 06 19 40
2011 5 06 19 58
2011 5 06 20 31
2011 5 06 20 40
2011 5 06 20 41
2011 5 06 21 04
2011 5 06 21 04
2011 5 06 22 39
2011 5 06 22 39
2011 5 06 23 02
2011 5 07 00 55
2011 5 07 00 55
2011 5 07 00 55
2011 5 07 00 55
2011 5 07 00 55
2011 5 07 00 55
2011 5 07 01 21
2011 5 07 01 21
2011 5 07 01 22
2011 5 07 01 22
2011 5 07 01 27
2011 5 07 01 27
2011 5 07 01 38
2011 5 07 01 39
2011 5 07 01 39
2011 5 07 01 39
2011 5 07 01 39
2011 5 07 01 39
2011 5 07 01 39
2011 5 07 02 00
2011 5 07 02 00
2011 5 07 02 33
2011 5 07 02 33
2011 5 07 02 34
2011 5 07 04 34
2011 5 07 04 34
2011 5 07 04 38
2011 5 07 04 38
2011 5 07 04 38
2011 5 07 04 38
2011 5 07 04 38
2011 5 07 04 38
2011 5 07 04 38
2011 5 07 04 38
2011 5 07 04 39
2011 5 07 05 00
2011 5 07 05 00
2011 5 07 05 43
2011 5 07 05 44
2011 5 07 07 02
2011 5 07 08 49
2011 5 07 08 49
2011 5 07 09 24
2011 5 07 09 24
2011 5 07 10 10
2011 5 07 11 09
2011 5 07 11 09
2011 5 07 11 09
2011 5 07 11 09
2011 5 07 11 09
2011 5 07 11 09
2011 5 07 11 29
2011 5 07 11 32
2011 5 07 11 37
2011 5 07 13 16
2011 5 07 13 16
2011 5 07 13 16
2011 5 07 13 16
2011 5 07 16 34
2011 5 07 16 34
2011 5 07 16 34
2011 5 07 16 34
2011 5 07 16 34
2011 5 07 16 34
2011 5 07 16 40
2011 5 07 17 03
2011 5 07 17 06
2011 5 07 17 06
2011 5 07 17 36
2011 5 07 17 36
2011 5 07 17 39
2011 5 07 17 39
2011 5 07 17 39
2011 5 07 17 39
2011 5 07 17 39
2011 5 07 17 39
2011 5 07 17 39
2011 5 07 17 39
2011 5 07 17 40
2011 5 07 17 40
2011 5 07 17 40
2011 5 07 17 40
2011 5 07 17 40
2011 5 07 17 40
2011 5 07 18 05
2011 5 07 18 06
2011 5 07 18 06
2011 5 07 18 46
2011 5 07 18 46
2011 5 07 19 17
2011 5 07 19 17
2011 5 07 19 28
2011 5 07 19 28
2011 5 07 19 28
2011 5 07 19 28
2011 5 07 19 28
2011 5 07 19 28
2011 5 07 19 28
2011 5 07 19 29
2011 5 07 19 32
2011 5 07 19 32
2011 5 07 19 34
2011 5 07 19 34
2011 5 07 20 54
2011 5 07 20 57
2011 5 07 20 59
2011 5 07 21 29
2011 5 07 21 29
2011 5 07 21 49
2011 5 07 21 49
2011 5 07 22 28
2011 5 07 22 28
2011 5 07 22 32
2011 5 07 22 32
2011 5 07 23 21
2011 5 07 23 21
2011 5 07 23 39
2011 5 07 23 39
2011 5 07 23 51
2011 5 07 23 51
2011 5 07 23 53
2011 5 07 23 53
2011 5 08 00 07
2011 5 08 00 07
2011 5 08 00 22
2011 5 08 00 22
2011 5 08 00 24
2011 5 08 00 24
2011 5 08 00 45
2011 5 08 00 45
2011 5 08 00 59
2011 5 08 00 59
2011 5 08 00 59
2011 5 08 00 59
2011 5 08 00 59
2011 5 08 00 59
2011 5 08 00 59
2011 5 08 00 59
2011 5 08 00 59
2011 5 08 01 05
2011 5 08 01 05
2011 5 08 01 36
2011 5 08 01 36
2011 5 08 02 25
2011 5 08 03 18
2011 5 08 03 18
2011 5 08 03 19
2011 5 08 03 24
2011 5 08 03 24
2011 5 08 03 59
2011 5 08 03 59
2011 5 08 05 38
2011 5 08 05 38
2011 5 08 05 59
2011 5 08 05 59
2011 5 08 05 59
2011 5 08 06 00
2011 5 08 06 00
2011 5 08 06 00
2011 5 08 06 00
2011 5 08 06 00
2011 5 08 06 00
2011 5 08 06 00
2011 5 08 06 00
2011 5 08 06 00
2011 5 08 06 00
2011 5 08 06 00
2011 5 08 06 00
2011 5 08 06 03
2011 5 08 06 04
2011 5 08 06 04
2011 5 08 06 04
2011 5 08 06 04
2011 5 08 06 04
2011 5 08 06 04
2011 5 08 06 04
2011 5 08 06 04
2011 5 08 06 04
2011 5 08 06 04
2011 5 08 06 04
2011 5 08 06 04
2011 5 08 06 04
2011 5 08 06 04
2011 5 08 06 04
2011 5 08 06 04
2011 5 08 06 04
2011 5 08 06 04
2011 5 08 06 04
2011 5 08 06 04
2011 5 08 06 04
2011 5 08 06 05
2011 5 08 06 18
2011 5 08 06 18
2011 5 08 06 19
2011 5 08 06 19
2011 5 08 06 19
2011 5 08 06 19
2011 5 08 06 19
2011 5 08 06 19
2011 5 08 06 19
2011 5 08 06 19
2011 5 08 06 19
2011 5 08 06 21
2011 5 08 06 21
2011 5 08 06 21
2011 5 08 06 21
2011 5 08 06 21
2011 5 08 06 21
2011 5 08 06 21
2011 5 08 06 21
2011 5 08 06 21
2011 5 08 06 36
2011 5 08 06 36
2011 5 08 06 37
2011 5 08 08 56
2011 5 08 09 59
2011 5 08 09 59
2011 5 08 10 00
2011 5 08 10 00
2011 5 08 10 00
2011 5 08 10 00
2011 5 08 10 00
2011 5 08 10 00
2011 5 08 10 59
2011 5 08 10 59
2011 5 08 12 00
2011 5 08 12 00
2011 5 08 12 31
2011 5 08 12 31
2011 5 08 12 31
2011 5 08 12 31
2011 5 08 12 31
2011 5 08 12 31
2011 5 08 12 32
2011 5 08 12 32
2011 5 08 13 11
2011 5 08 13 13
2011 5 08 14 08
2011 5 08 14 08
2011 5 08 14 09
2011 5 08 14 09
2011 5 08 15 30
2011 5 08 15 30
2011 5 08 15 39
2011 5 08 16 01
2011 5 08 16 01
2011 5 08 16 02
2011 5 08 16 15
2011 5 08 16 15
2011 5 08 16 15
2011 5 08 16 15
2011 5 08 16 15
2011 5 08 16 15
2011 5 08 16 15
2011 5 08 16 15
2011 5 08 16 15
2011 5 08 16 15
2011 5 08 16 15
2011 5 08 16 58
2011 5 08 16 58
2011 5 08 17 11
2011 5 08 18 08
2011 5 08 18 08
2011 5 08 18 19
2011 5 08 18 19
2011 5 08 18 19
2011 5 08 18 19
2011 5 08 18 19
2011 5 08 18 19
2011 5 08 18 22
2011 5 08 18 30
2011 5 08 18 30
2011 5 08 19 05
2011 5 08 19 05
2011 5 08 19 31
2011 5 08 19 39
2011 5 08 19 48
2011 5 08 19 57
2011 5 08 20 00
2011 5 08 20 00
2011 5 08 20 07
2011 5 08 20 13
2011 5 08 20 14
2011 5 08 20 14
2011 5 08 20 14
2011 5 08 20 14
2011 5 08 20 14
2011 5 08 20 15
2011 5 08 20 22
2011 5 08 20 22
2011 5 08 20 22
2011 5 08 20 35
2011 5 08 20 42
2011 5 08 20 42
2011 5 08 20 44
2011 5 08 22 16
2011 5 08 22 26
2011 5 08 22 28
2011 5 08 22 28
2011 5 08 22 34
2011 5 08 22 41
2011 5 08 22 50
2011 5 08 22 57
2011 5 08 23 04
2011 5 08 23 12
2011 5 08 23 19
2011 5 08 23 28
2011 5 08 23 52
2011 5 09 00 35
2011 5 09 01 00
2011 5 09 01 00
2011 5 09 01 11
2011 5 09 01 11
2011 5 09 01 11
2011 5 09 01 11
2011 5 09 01 11
2011 5 09 01 11
2011 5 09 01 11
2011 5 09 01 11
2011 5 09 01 11
2011 5 09 01 11
2011 5 09 01 11
2011 5 09 01 11
2011 5 09 01 12
2011 5 09 01 12
2011 5 09 01 12
2011 5 09 01 12
2011 5 09 01 12
2011 5 09 01 12
2011 5 09 01 12
2011 5 09 01 12
2011 5 09 01 12
2011 5 09 01 20
2011 5 09 01 20
2011 5 09 01 20
2011 5 09 01 20
2011 5 09 01 20
2011 5 09 01 20
2011 5 09 01 20
2011 5 09 01 20
2011 5 09 01 20
2011 5 09 01 29
2011 5 09 01 30
2011 5 09 01 31
2011 5 09 01 31
2011 5 09 01 31
2011 5 09 01 31
2011 5 09 01 31
2011 5 09 02 19
2011 5 09 03 23
2011 5 09 03 23
2011 5 09 03 41
2011 5 09 03 41
2011 5 09 03 41
2011 5 09 03 41
2011 5 09 03 41
2011 5 09 03 41
2011 5 09 03 53
2011 5 09 03 53
2011 5 09 03 58
2011 5 09 04 28
2011 5 09 04 29
2011 5 09 05 04
2011 5 09 05 04
2011 5 09 05 04
2011 5 09 05 05
2011 5 09 05 05
2011 5 09 05 05
2011 5 09 05 05
2011 5 09 05 05
2011 5 09 05 05
2011 5 09 05 07
2011 5 09 05 07
2011 5 09 05 07
2011 5 09 05 07
2011 5 09 05 07
2011 5 09 06 33
2011 5 09 07 39
2011 5 09 09 04
2011 5 09 09 05
2011 5 09 09 24
2011 5 09 11 32
2011 5 09 11 41
2011 5 09 11 49
2011 5 09 12 07
2011 5 09 12 07
2011 5 09 12 44
2011 5 09 12 52
2011 5 09 13 10
2011 5 09 13 17
2011 5 09 13 17
2011 5 09 13 26
2011 5 09 13 26
2011 5 09 13 59
2011 5 09 14 00
2011 5 09 14 23
2011 5 09 14 24
2011 5 09 14 35
2011 5 09 15 01
2011 5 09 16 06
2011 5 09 16 06
2011 5 09 16 07
2011 5 09 16 07
2011 5 09 16 07
2011 5 09 16 08
2011 5 09 16 08
2011 5 09 16 08
2011 5 09 16 08
2011 5 09 16 08
2011 5 09 16 08
2011 5 09 16 17
2011 5 09 16 18
2011 5 09 16 18
2011 5 09 16 18
2011 5 09 16 18
2011 5 09 16 18
2011 5 09 16 18
2011 5 09 16 18
2011 5 09 16 18
2011 5 09 16 20
2011 5 09 16 20
2011 5 09 16 36
2011 5 09 16 37
2011 5 09 16 38
2011 5 09 17 00
2011 5 09 17 00
2011 5 09 17 01
2011 5 09 17 29
2011 5 09 17 38
2011 5 09 17 39
2011 5 09 17 39
2011 5 09 17 39
2011 5 09 17 39
2011 5 09 17 40
2011 5 09 17 40
2011 5 09 17 41
2011 5 09 17 41
2011 5 09 17 46
2011 5 09 17 46
2011 5 09 17 55
2011 5 09 17 55
2011 5 09 19 19
2011 5 09 20 48
2011 5 09 20 48
2011 5 09 21 03
2011 5 09 21 03
2011 5 09 21 26
2011 5 09 21 26
2011 5 09 21 26
2011 5 09 21 27
2011 5 09 21 27
2011 5 09 21 27
2011 5 09 22 24
2011 5 09 22 24
2011 5 09 22 24
2011 5 09 22 24
2011 5 09 22 24
2011 5 09 22 24
2011 5 09 23 05
2011 5 09 23 08
2011 5 09 23 09
2011 5 09 23 43
2011 5 10 00 21
2011 5 10 02 18
2011 5 10 02 18
2011 5 10 02 31
2011 5 10 02 32
2011 5 10 02 36
2011 5 10 02 36
2011 5 10 02 36
2011 5 10 02 36
2011 5 10 02 36
2011 5 10 02 36
2011 5 10 02 36
2011 5 10 02 36
2011 5 10 02 36
2011 5 10 02 37
2011 5 10 03 37
2011 5 10 03 37
2011 5 10 03 37
2011 5 10 03 37
2011 5 10 03 37
2011 5 10 03 37
2011 5 10 04 08
2011 5 10 04 08
2011 5 10 04 08
2011 5 10 04 08
2011 5 10 04 08
2011 5 10 04 08
2011 5 10 04 43
2011 5 10 05 47
2011 5 10 08 04
2011 5 10 08 04
2011 5 10 08 06
2011 5 10 08 07
2011 5 10 08 47
2011 5 10 08 47
2011 5 10 08 55
2011 5 10 09 00
2011 5 10 09 00
2011 5 10 09 00
2011 5 10 09 01
2011 5 10 09 53
2011 5 10 09 53
2011 5 10 09 53
2011 5 10 09 53
2011 5 10 09 53
2011 5 10 09 53
2011 5 10 09 57
2011 5 10 10 22
2011 5 10 10 22
2011 5 10 10 22
2011 5 10 10 22
2011 5 10 10 22
2011 5 10 10 22
2011 5 10 10 22
2011 5 10 10 22
2011 5 10 10 22
2011 5 10 10 22
2011 5 01 00 10
2011 5 01 00 10
2011 5 01 00 19
2011 5 01 01 27
2011 5 01 02 17
2011 5 01 02 28
2011 5 01 02 28
2011 5 01 02 28
2011 5 01 02 28
2011 5 01 02 28
2011 5 01 02 28
2011 5 01 02 51
2011 5 01 05 12
2011 5 01 05 30
2011 5 01 05 48
2011 5 01 06 23
2011 5 01 07 18
2011 5 01 09 01
2011 5 01 09 17
2011 5 01 09 18
2011 5 01 10 21
2011 5 01 12 06
2011 5 01 12 06
2011 5 01 12 33
2011 5 01 13 13
2011 5 01 14 03
2011 5 01 14 44
2011 5 01 16 28
2011 5 01 17 00
2011 5 01 17 00
2011 5 01 17 00
2011 5 01 17 00
2011 5 01 17 00
2011 5 01 17 00
2011 5 01 17 31
2011 5 01 18 06
2011 5 01 18 06
2011 5 01 18 26
2011 5 01 18 33
2011 5 01 19 28
2011 5 01 19 53
2011 5 01 19 53
2011 5 01 20 17
2011 5 01 20 17
2011 5 01 21 00
2011 5 01 21 10
2011 5 01 21 10
2011 5 01 21 10
2011 5 01 21 10
2011 5 01 21 10
2011 5 01 21 10
2011 5 01 21 11
2011 5 01 21 11
2011 5 01 21 17
2011 5 01 21 17
2011 5 01 22 14
2011 5 01 22 21
2011 5 01 22 21
2011 5 01 22 35
2011 5 01 22 35
2011 5 01 23 09
2011 5 01 23 09
2011 5 01 23 32
2011 5 01 23 32
2011 5 01 23 36
2011 5 01 23 36
2011 5 01 23 44
2011 5 01 23 44
2011 5 01 23 58
2011 5 02 00 27
2011 5 02 00 48
2011 5 02 00 48
2011 5 02 00 54
2011 5 02 00 54
2011 5 02 01 05
2011 5 02 01 31
2011 5 02 01 59
2011 5 02 01 59
2011 5 02 02 02
2011 5 02 02 03
2011 5 02 05 03
2011 5 02 05 04
2011 5 02 05 04
2011 5 02 05 04
2011 5 02 05 04
2011 5 02 05 04
2011 5 02 05 06
2011 5 02 05 06
2011 5 02 05 06
2011 5 02 05 06
2011 5 02 05 06
2011 5 02 05 06
2011 5 02 05 06
2011 5 02 05 49
2011 5 02 08 04
2011 5 02 08 04
2011 5 02 08 04
2011 5 02 08 04
2011 5 02 08 04
2011 5 02 08 04
2011 5 02 08 24
2011 5 02 08 24
2011 5 02 08 24
2011 5 02 08 25
2011 5 02 08 25
2011 5 02 08 25
2011 5 02 08 25
2011 5 02 08 25
2011 5 02 09 41
2011 5 02 11 07
2011 5 02 11 36
2011 5 02 11 36
2011 5 02 12 24
2011 5 02 12 36
2011 5 02 12 36
2011 5 02 13 38
2011 5 02 15 06
2011 5 02 15 07
2011 5 02 15 10
2011 5 02 15 10
2011 5 02 15 10
2011 5 02 15 10
2011 5 02 15 10
2011 5 02 15 11
2011 5 02 15 26
2011 5 02 15 37
2011 5 02 15 38
2011 5 02 15 38
2011 5 02 15 38
2011 5 02 15 38
2011 5 02 15 38
2011 5 02 15 38
2011 5 02 15 38
2011 5 02 16 07
2011 5 02 16 07
2011 5 02 16 07
2011 5 02 16 07
2011 5 02 16 07
2011 5 02 16 07
2011 5 02 16 50
2011 5 02 16 50
2011 5 02 17 00
2011 5 02 17 14
2011 5 02 18 03
2011 5 02 18 28
2011 5 02 18 28
2011 5 02 18 28
2011 5 02 18 28
2011 5 02 18 28
2011 5 02 18 28
2011 5 02 18 32
2011 5 02 18 32
2011 5 02 18 37
2011 5 02 19 15
2011 5 02 19 15
2011 5 02 19 15
2011 5 02 19 18
2011 5 02 19 25
2011 5 02 19 25
2011 5 02 19 37
2011 5 02 19 41
2011 5 02 21 06
2011 5 02 21 11
2011 5 02 21 32
2011 5 02 21 32
2011 5 02 21 40
2011 5 02 21 40
2011 5 02 22 01
2011 5 02 22 01
2011 5 02 22 41
2011 5 02 22 42
2011 5 02 22 42
2011 5 02 22 43
2011 5 02 22 44
2011 5 02 22 45
2011 5 02 22 47
2011 5 02 22 57
2011 5 03 00 19
2011 5 03 00 19
2011 5 03 01 32
2011 5 03 01 33
2011 5 03 01 33
2011 5 03 01 33
2011 5 03 01 33
2011 5 03 01 33
2011 5 03 01 33
2011 5 03 01 33
2011 5 03 01 33
2011 5 03 01 33
2011 5 03 01 33
2011 5 03 01 35
2011 5 03 01 44
2011 5 03 01 44
2011 5 03 01 57
2011 5 03 01 57
2011 5 03 02 03
2011 5 03 02 03
2011 5 03 02 06
2011 5 03 02 07
2011 5 03 02 09
2011 5 03 03 03
2011 5 03 03 03
2011 5 03 03 27
2011 5 03 03 27
2011 5 03 03 27
2011 5 03 03 27
2011 5 03 03 27
2011 5 03 03 27
2011 5 03 05 04
2011 5 03 07 02
2011 5 03 07 02
2011 5 03 07 02
2011 5 03 07 02
2011 5 03 07 02
2011 5 03 07 02
2011 5 03 08 04
2011 5 03 08 04
2011 5 03 09 53
2011 5 03 09 53
2011 5 03 09 53
2011 5 03 10 42
2011 5 03 10 42
2011 5 03 11 00
2011 5 03 11 00
2011 5 03 11 17
2011 5 03 11 17
2011 5 03 11 24
2011 5 03 11 25
2011 5 03 12 12
2011 5 03 12 13
2011 5 03 12 13
2011 5 03 12 13
2011 5 03 12 13
2011 5 03 12 13
2011 5 03 12 44
2011 5 03 12 44
2011 5 03 12 44
2011 5 03 12 44
2011 5 03 12 44
2011 5 03 12 44
2011 5 03 12 56
2011 5 03 13 00
2011 5 03 13 00
2011 5 03 13 00
2011 5 03 13 00
2011 5 03 13 00
2011 5 03 13 00
2011 5 03 13 09
2011 5 03 13 14
2011 5 03 13 14
2011 5 03 13 14
2011 5 03 13 14
2011 5 03 13 14
2011 5 03 13 34
2011 5 03 13 34
2011 5 03 13 34
2011 5 03 13 34
2011 5 03 13 34
2011 5 03 13 34
2011 5 03 14 04
2011 5 03 14 04
2011 5 03 14 18
2011 5 03 14 18
2011 5 03 14 41
2011 5 03 14 41
2011 5 03 14 41
2011 5 03 14 41
2011 5 03 14 42
2011 5 03 14 42
2011 5 03 15 23
2011 5 03 15 23
2011 5 03 15 26
2011 5 03 15 26
2011 5 03 15 31
2011 5 03 15 38
2011 5 03 15 38
2011 5 03 15 38
2011 5 03 15 38
2011 5 03 15 38
2011 5 03 15 38
2011 5 03 16 48
2011 5 03 16 48
2011 5 03 16 48
2011 5 03 16 48
2011 5 03 16 48
2011 5 03 16 48
2011 5 03 17 12
2011 5 03 17 13
2011 5 03 18 25
2011 5 03 19 03
2011 5 03 19 03
2011 5 03 20 53
2011 5 03 20 53
2011 5 03 20 54
2011 5 03 22 28
2011 5 03 23 17
2011 5 03 23 43
2011 5 04 00 18
2011 5 04 00 41
2011 5 04 00 46
2011 5 04 00 47
2011 5 04 00 56
2011 5 04 00 56
2011 5 04 00 57
2011 5 04 00 57
2011 5 04 00 57
2011 5 04 00 57
2011 5 04 00 57
2011 5 04 00 57
2011 5 04 00 57
2011 5 04 00 57
2011 5 04 00 57
2011 5 04 00 57
2011 5 04 01 37
2011 5 04 01 51
2011 5 04 01 51
2011 5 04 01 51
2011 5 04 01 51
2011 5 04 01 51
2011 5 04 01 52
2011 5 04 02 05
2011 5 04 02 05
2011 5 04 05 03
2011 5 04 05 03
2011 5 04 05 03
2011 5 04 05 03
2011 5 04 05 03
2011 5 04 05 03
2011 5 04 05 34
2011 5 04 05 34
2011 5 04 05 35
2011 5 04 06 15
2011 5 04 06 24
2011 5 04 06 24
2011 5 04 06 24
2011 5 04 06 25
2011 5 04 06 25
2011 5 04 06 25
2011 5 04 06 26
2011 5 04 07 25
2011 5 04 07 28
2011 5 04 07 34
2011 5 04 07 35
2011 5 04 07 35
2011 5 04 07 35
2011 5 04 07 35
2011 5 04 07 35
2011 5 04 07 35
2011 5 04 07 59
2011 5 04 08 36
2011 5 04 08 49
2011 5 04 09 07
2011 5 04 09 08
2011 5 04 09 34
2011 5 04 09 56
2011 5 04 10 13
2011 5 04 10 42
2011 5 04 10 42
2011 5 04 11 30
2011 5 04 11 33
2011 5 04 11 33
2011 5 04 11 33
2011 5 04 11 34
2011 5 04 11 34
2011 5 04 12 36
2011 5 04 12 46
2011 5 04 12 48
2011 5 04 12 49
2011 5 04 12 49
2011 5 04 12 49
2011 5 04 12 49
2011 5 04 12 49
2011 5 04 12 49
2011 5 04 12 50
2011 5 04 13 03
2011 5 04 13 25
2011 5 04 13 53
2011 5 04 14 08
2011 5 04 14 23
2011 5 04 14 35
2011 5 04 14 52
2011 5 04 15 55
2011 5 04 16 00
2011 5 04 16 02
2011 5 04 17 56
2011 5 04 17 57
2011 5 04 18 06
2011 5 04 18 22
2011 5 04 18 22
2011 5 04 20 25
2011 5 04 20 26
2011 5 04 20 37
2011 5 04 20 37
2011 5 04 21 06
2011 5 04 21 06
2011 5 04 21 13
2011 5 04 21 13
2011 5 04 22 58
2011 5 04 22 58
2011 5 04 22 59
2011 5 04 23 15
2011 5 04 23 17
2011 5 04 23 17
2011 5 05 00 41
2011 5 05 00 41
2011 5 05 01 48
2011 5 05 01 48
2011 5 05 01 48
2011 5 05 01 48
2011 5 05 01 48
2011 5 05 01 48
2011 5 05 02 30
2011 5 05 06 38
2011 5 05 06 38
2011 5 05 06 40
2011 5 05 08 46
2011 5 05 08 46
2011 5 05 10 16
2011 5 05 10 16
2011 5 05 10 24
2011 5 05 10 27
2011 5 05 10 27
2011 5 05 19 15
2011 5 05 19 44
2011 5 05 20 25
2011 5 05 20 48
2011 5 05 20 48
2011 5 05 21 00
2011 5 05 21 21
2011 5 05 22 22
2011 5 05 22 28
2011 5 05 22 42
2011 5 05 22 43
2011 5 05 22 44
2011 5 05 23 05
2011 5 05 23 52
2011 5 05 23 52
2011 5 05 23 59
2011 5 06 00 30
2011 5 06 00 30
2011 5 06 01 17
2011 5 06 01 17
2011 5 06 01 17
2011 5 06 01 17
2011 5 06 01 17
2011 5 06 01 17
2011 5 06 07 12
2011 5 06 07 13
2011 5 06 07 24
2011 5 06 07 24
2011 5 06 07 25
2011 5 06 07 25
2011 5 06 07 25
2011 5 06 07 25
2011 5 06 07 25
2011 5 06 07 25
2011 5 06 07 25
2011 5 06 07 25
2011 5 06 11 24
2011 5 06 11 24
2011 5 06 11 44
2011 5 06 12 46
2011 5 06 12 46
2011 5 06 12 46
2011 5 06 12 46
2011 5 06 12 46
2011 5 06 12 46
2011 5 06 12 46
2011 5 06 12 53
2011 5 06 12 58
2011 5 06 12 58
2011 5 06 13 15
2011 5 06 13 55
2011 5 06 13 58
2011 5 06 14 14
2011 5 06 15 21
2011 5 06 15 30
2011 5 06 15 30
2011 5 06 15 30
2011 5 06 15 30
2011 5 06 15 30
2011 5 06 15 30
2011 5 06 15 30
2011 5 06 15 30
2011 5 06 15 49
2011 5 06 15 49
2011 5 06 15 50
2011 5 06 15 50
2011 5 06 15 54
2011 5 06 15 57
2011 5 06 15 57
2011 5 06 16 41
2011 5 06 16 41
2011 5 06 17 05
2011 5 06 17 05
2011 5 06 17 09
2011 5 06 17 09
2011 5 06 17 39
2011 5 06 17 49
2011 5 06 17 59
2011 5 06 17 59
2011 5 06 18 00
2011 5 06 18 17
2011 5 06 18 17
2011 5 06 18 17
2011 5 06 18 17
2011 5 06 18 17
2011 5 06 18 17
2011 5 06 18 17
2011 5 06 18 17
2011 5 06 18 24
2011 5 06 18 25
2011 5 06 18 25
2011 5 06 18 25
2011 5 06 18 25
2011 5 06 18 25
2011 5 06 18 25
2011 5 06 18 25
2011 5 06 18 25
2011 5 06 18 25
2011 5 06 18 25
2011 5 06 18 25
2011 5 06 18 25
2011 5 06 18 25
2011 5 06 18 25
2011 5 06 18 25
2011 5 06 18 25
2011 5 06 18 25
2011 5 06 18 25
2011 5 06 18 26
2011 5 06 18 26
2011 5 06 18 26
2011 5 06 18 26
2011 5 06 18 26
2011 5 06 18 26
2011 5 06 18 26
2011 5 06 18 26
2011 5 06 18 26
2011 5 06 18 26
2011 5 06 18 26
2011 5 06 18 26
2011 5 06 18 26
2011 5 06 18 26
2011 5 06 18 26
2011 5 06 18 26
2011 5 06 18 26
2011 5 06 18 26
2011 5 06 18 26
2011 5 06 18 26
2011 5 06 18 26
2011 5 06 18 27
2011 5 06 18 27
2011 5 06 18 28
2011 5 06 18 28
2011 5 06 18 28
2011 5 06 18 28
2011 5 06 18 28
2011 5 06 18 28
2011 5 06 18 32
2011 5 06 18 32
2011 5 06 18 32
2011 5 06 18 32
2011 5 06 18 32
2011 5 06 18 32
2011 5 06 18 32
2011 5 06 18 32
2011 5 06 18 32
2011 5 06 18 32
2011 5 06 18 32
2011 5 06 18 32
2011 5 06 18 32
2011 5 06 18 32
2011 5 06 18 32
2011 5 06 18 32
2011 5 06 18 32
2011 5 06 18 32
2011 5 06 18 32
2011 5 06 18 32
2011 5 06 18 33
2011 5 06 18 33
2011 5 06 18 33
2011 5 06 18 33
2011 5 06 18 34
2011 5 06 18 35
2011 5 06 18 42
2011 5 06 18 42
2011 5 06 18 42
2011 5 06 18 42
2011 5 06 18 42
2011 5 06 18 42
2011 5 06 18 42
2011 5 06 18 42
2011 5 06 18 42
2011 5 06 18 42
2011 5 06 18 43
2011 5 06 18 43
2011 5 06 18 43
2011 5 06 18 43
2011 5 06 18 43
2011 5 06 18 43
2011 5 06 18 43
2011 5 06 18 44
2011 5 06 18 56
2011 5 06 18 56
2011 5 06 18 56
2011 5 06 18 56
2011 5 06 18 56
2011 5 06 18 56
2011 5 06 18 56
2011 5 06 18 56
2011 5 06 18 56
2011 5 06 18 56
2011 5 06 18 57
2011 5 06 18 57
2011 5 06 18 57
2011 5 06 18 57
2011 5 06 18 57
2011 5 06 18 57
2011 5 06 18 57
2011 5 06 18 57
2011 5 06 18 57
2011 5 06 18 57
2011 5 06 18 57
2011 5 06 18 57
2011 5 06 18 57
2011 5 06 18 58
2011 5 06 19 05
2011 5 06 19 12
2011 5 06 19 13
2011 5 06 19 13
2011 5 06 19 13
2011 5 06 19 13
2011 5 06 19 13
2011 5 06 19 13
2011 5 06 19 13
2011 5 06 19 13
2011 5 06 19 13
2011 5 06 19 13
2011 5 06 19 13
2011 5 06 19 13
2011 5 06 19 13
2011 5 06 19 13
2011 5 06 19 13
2011 5 06 19 13
2011 5 06 19 13
2011 5 06 19 13
2011 5 06 19 13
2011 5 06 19 13
2011 5 06 19 13
2011 5 06 19 13
2011 5 06 19 13
2011 5 06 19 13
2011 5 06 19 13
2011 5 06 19 13
2011 5 06 19 13
2011 5 06 19 13
2011 5 06 19 13
2011 5 06 19 14
2011 5 06 19 20
2011 5 06 19 20
2011 5 06 19 20
2011 5 06 19 20
2011 5 06 19 20
2011 5 06 19 20
2011 5 06 19 20
2011 5 06 19 20
2011 5 06 19 21
2011 5 06 19 21
2011 5 06 19 40
2011 5 06 19 40
2011 5 06 19 40
2011 5 06 19 40
2011 5 06 19 40
2011 5 06 19 40
2011 5 06 19 40
2011 5 06 19 40
2011 5 06 19 40
2011 5 06 19 40
2011 5 06 19 40
2011 5 06 19 40
2011 5 06 19 40
2011 5 06 19 40
2011 5 06 19 40
2011 5 06 19 40
2011 5 06 19 40
2011 5 06 19 40
2011 5 06 19 40
2011 5 06 19 40
2011 5 06 19 40
2011 5 06 19 40
2011 5 06 19 40
2011 5 06 19 40
2011 5 06 19 40
2011 5 06 19 40
2011 5 06 19 40
2011 5 06 19 40
2011 5 06 19 40
2011 5 06 19 40
2011 5 06 19 40
2011 5 06 19 40
2011 5 06 19 58
2011 5 06 20 31
2011 5 06 20 40
2011 5 06 20 41
2011 5 06 21 04
2011 5 06 21 04
2011 5 06 22 39
2011 5 06 22 39
2011 5 06 23 02
2011 5 07 00 55
2011 5 07 00 55
2011 5 07 00 55
2011 5 07 00 55
2011 5 07 00 55
2011 5 07 00 55
2011 5 07 01 21
2011 5 07 01 21
2011 5 07 01 22
2011 5 07 01 22
2011 5 07 01 27
2011 5 07 01 27
2011 5 07 01 38
2011 5 07 01 39
2011 5 07 01 39
2011 5 07 01 39
2011 5 07 01 39
2011 5 07 01 39
2011 5 07 01 39
2011 5 07 02 00
2011 5 07 02 00
2011 5 07 02 33
2011 5 07 02 33
2011 5 07 02 34
2011 5 07 04 34
2011 5 07 04 34
2011 5 07 04 38
2011 5 07 04 38
2011 5 07 04 38
2011 5 07 04 38
2011 5 07 04 38
2011 5 07 04 38
2011 5 07 04 38
2011 5 07 04 38
2011 5 07 04 39
2011 5 07 05 00
2011 5 07 05 00
2011 5 07 05 43
2011 5 07 05 44
2011 5 07 07 02
2011 5 07 08 49
2011 5 07 08 49
2011 5 07 09 24
2011 5 07 09 24
2011 5 07 10 10
2011 5 07 11 09
2011 5 07 11 09
2011 5 07 11 09
2011 5 07 11 09
2011 5 07 11 09
2011 5 07 11 09
2011 5 07 11 29
2011 5 07 11 32
2011 5 07 11 37
2011 5 07 13 16
2011 5 07 13 16
2011 5 07 13 16
2011 5 07 13 16
2011 5 07 16 34
2011 5 07 16 34
2011 5 07 16 34
2011 5 07 16 34
2011 5 07 16 34
2011 5 07 16 34
2011 5 07 16 40
2011 5 07 17 03
2011 5 07 17 06
2011 5 07 17 06
2011 5 07 17 36
2011 5 07 17 36
2011 5 07 17 39
2011 5 07 17 39
2011 5 07 17 39
2011 5 07 17 39
2011 5 07 17 39
2011 5 07 17 39
2011 5 07 17 39
2011 5 07 17 39
2011 5 07 17 40
2011 5 07 17 40
2011 5 07 17 40
2011 5 07 17 40
2011 5 07 17 40
2011 5 07 17 40
2011 5 07 18 05
2011 5 07 18 06
2011 5 07 18 06
2011 5 07 18 46
2011 5 07 18 46
2011 5 07 19 17
2011 5 07 19 17
2011 5 07 19 28
2011 5 07 19 28
2011 5 07 19 28
2011 5 07 19 28
2011 5 07 19 28
2011 5 07 19 28
2011 5 07 19 28
2011 5 07 19 29
2011 5 07 19 32
2011 5 07 19 32
2011 5 07 19 34
2011 5 07 19 34
2011 5 07 20 54
2011 5 07 20 57
2011 5 07 20 59
2011 5 07 21 29
2011 5 07 21 29
2011 5 07 21 49
2011 5 07 21 49
2011 5 07 22 28
2011 5 07 22 28
2011 5 07 22 32
2011 5 07 22 32
2011 5 07 23 21
2011 5 07 23 21
2011 5 07 23 39
2011 5 07 23 39
2011 5 07 23 51
2011 5 07 23 51
2011 5 07 23 53
2011 5 07 23 53
2011 5 08 00 07
2011 5 08 00 07
2011 5 08 00 22
2011 5 08 00 22
2011 5 08 00 24
2011 5 08 00 24
2011 5 08 00 45
2011 5 08 00 45
2011 5 08 00 59
2011 5 08 00 59
2011 5 08 00 59
2011 5 08 00 59
2011 5 08 00 59
2011 5 08 00 59
2011 5 08 00 59
2011 5 08 00 59
2011 5 08 00 59
2011 5 08 01 05
2011 5 08 01 05
2011 5 08 01 36
2011 5 08 01 36
2011 5 08 02 25
2011 5 08 03 18
2011 5 08 03 18
2011 5 08 03 19
2011 5 08 03 24
2011 5 08 03 24
2011 5 08 03 59
2011 5 08 03 59
2011 5 08 05 38
2011 5 08 05 38
2011 5 08 05 59
2011 5 08 05 59
2011 5 08 05 59
2011 5 08 06 00
2011 5 08 06 00
2011 5 08 06 00
2011 5 08 06 00
2011 5 08 06 00
2011 5 08 06 00
2011 5 08 06 00
2011 5 08 06 00
2011 5 08 06 00
2011 5 08 06 00
2011 5 08 06 00
2011 5 08 06 00
2011 5 08 06 03
2011 5 08 06 04
2011 5 08 06 04
2011 5 08 06 04
2011 5 08 06 04
2011 5 08 06 04
2011 5 08 06 04
2011 5 08 06 04
2011 5 08 06 04
2011 5 08 06 04
2011 5 08 06 04
2011 5 08 06 04
2011 5 08 06 04
2011 5 08 06 04
2011 5 08 06 04
2011 5 08 06 04
2011 5 08 06 04
2011 5 08 06 04
2011 5 08 06 04
2011 5 08 06 04
2011 5 08 06 04
2011 5 08 06 04
2011 5 08 06 05
2011 5 08 06 18
2011 5 08 06 18
2011 5 08 06 19
2011 5 08 06 19
2011 5 08 06 19
2011 5 08 06 19
2011 5 08 06 19
2011 5 08 06 19
2011 5 08 06 19
2011 5 08 06 19
2011 5 08 06 19
2011 5 08 06 21
2011 5 08 06 21
2011 5 08 06 21
2011 5 08 06 21
2011 5 08 06 21
2011 5 08 06 21
2011 5 08 06 21
2011 5 08 06 21
2011 5 08 06 21
2011 5 08 06 36
2011 5 08 06 36
2011 5 08 06 37
2011 5 08 08 56
2011 5 08 09 59
2011 5 08 09 59
2011 5 08 10 00
2011 5 08 10 00
2011 5 08 10 00
2011 5 08 10 00
2011 5 08 10 00
2011 5 08 10 00
2011 5 08 10 59
2011 5 08 10 59
2011 5 08 12 00
2011 5 08 12 00
2011 5 08 12 31
2011 5 08 12 31
2011 5 08 12 31
2011 5 08 12 31
2011 5 08 12 31
2011 5 08 12 31
2011 5 08 12 32
2011 5 08 12 32
2011 5 08 13 11
2011 5 08 13 13
2011 5 08 14 08
2011 5 08 14 08
2011 5 08 14 09
2011 5 08 14 09
2011 5 08 15 30
2011 5 08 15 30
2011 5 08 15 39
2011 5 08 16 01
2011 5 08 16 01
2011 5 08 16 02
2011 5 08 16 15
2011 5 08 16 15
2011 5 08 16 15
2011 5 08 16 15
2011 5 08 16 15
2011 5 08 16 15
2011 5 08 16 15
2011 5 08 16 15
2011 5 08 16 15
2011 5 08 16 15
2011 5 08 16 15
2011 5 08 16 58
2011 5 08 16 58
2011 5 08 17 11
2011 5 08 18 08
2011 5 08 18 08
2011 5 08 18 19
2011 5 08 18 19
2011 5 08 18 19
2011 5 08 18 19
2011 5 08 18 19
2011 5 08 18 19
2011 5 08 18 22
2011 5 08 18 30
2011 5 08 18 30
2011 5 08 19 05
2011 5 08 19 05
2011 5 08 19 31
2011 5 08 19 39
2011 5 08 19 48
2011 5 08 19 57
2011 5 08 20 00
2011 5 08 20 00
2011 5 08 20 07
2011 5 08 20 13
2011 5 08 20 14
2011 5 08 20 14
2011 5 08 20 14
2011 5 08 20 14
2011 5 08 20 14
2011 5 08 20 15
2011 5 08 20 22
2011 5 08 20 22
2011 5 08 20 22
2011 5 08 20 35
2011 5 08 20 42
2011 5 08 20 42
2011 5 08 20 44
2011 5 08 22 16
2011 5 08 22 26
2011 5 08 22 28
2011 5 08 22 28
2011 5 08 22 34
2011 5 08 22 41
2011 5 08 22 50
2011 5 08 22 57
2011 5 08 23 04
2011 5 08 23 12
2011 5 08 23 19
2011 5 08 23 28
2011 5 08 23 52
2011 5 09 00 35
2011 5 09 01 00
2011 5 09 01 00
2011 5 09 01 11
2011 5 09 01 11
2011 5 09 01 11
2011 5 09 01 11
2011 5 09 01 11
2011 5 09 01 11
2011 5 09 01 11
2011 5 09 01 11
2011 5 09 01 11
2011 5 09 01 11
2011 5 09 01 11
2011 5 09 01 11
2011 5 09 01 12
2011 5 09 01 12
2011 5 09 01 12
2011 5 09 01 12
2011 5 09 01 12
2011 5 09 01 12
2011 5 09 01 12
2011 5 09 01 12
2011 5 09 01 12
2011 5 09 01 20
2011 5 09 01 20
2011 5 09 01 20
2011 5 09 01 20
2011 5 09 01 20
2011 5 09 01 20
2011 5 09 01 20
2011 5 09 01 20
2011 5 09 01 20
2011 5 09 01 29
2011 5 09 01 30
2011 5 09 01 31
2011 5 09 01 31
2011 5 09 01 31
2011 5 09 01 31
2011 5 09 01 31
2011 5 09 02 19
2011 5 09 03 23
2011 5 09 03 23
2011 5 09 03 41
2011 5 09 03 41
2011 5 09 03 41
2011 5 09 03 41
2011 5 09 03 41
2011 5 09 03 41
2011 5 09 03 53
2011 5 09 03 53
2011 5 09 03 58
2011 5 09 04 28
2011 5 09 04 29
2011 5 09 05 04
2011 5 09 05 04
2011 5 09 05 04
2011 5 09 05 05
2011 5 09 05 05
2011 5 09 05 05
2011 5 09 05 05
2011 5 09 05 05
2011 5 09 05 05
2011 5 09 05 07
2011 5 09 05 07
2011 5 09 05 07
2011 5 09 05 07
2011 5 09 05 07
2011 5 09 06 33
2011 5 09 07 39
2011 5 09 09 04
2011 5 09 09 05
2011 5 09 09 24
2011 5 09 11 32
2011 5 09 11 41
2011 5 09 11 49
2011 5 09 12 07
2011 5 09 12 07
2011 5 09 12 44
2011 5 09 12 52
2011 5 09 13 10
2011 5 09 13 17
2011 5 09 13 17
2011 5 09 13 26
2011 5 09 13 26
2011 5 09 13 59
2011 5 09 14 00
2011 5 09 14 23
2011 5 09 14 24
2011 5 09 14 35
2011 5 09 15 01
2011 5 09 16 06
2011 5 09 16 06
2011 5 09 16 07
2011 5 09 16 07
2011 5 09 16 07
2011 5 09 16 08
2011 5 09 16 08
2011 5 09 16 08
2011 5 09 16 08
2011 5 09 16 08
2011 5 09 16 08
2011 5 09 16 17
2011 5 09 16 18
2011 5 09 16 18
2011 5 09 16 18
2011 5 09 16 18
2011 5 09 16 18
2011 5 09 16 18
2011 5 09 16 18
2011 5 09 16 18
2011 5 09 16 20
2011 5 09 16 20
2011 5 09 16 36
2011 5 09 16 37
2011 5 09 16 38
2011 5 09 17 00
2011 5 09 17 00
2011 5 09 17 01
2011 5 09 17 29
2011 5 09 17 38
2011 5 09 17 39
2011 5 09 17 39
2011 5 09 17 39
2011 5 09 17 39
2011 5 09 17 40
2011 5 09 17 40
2011 5 09 17 41
2011 5 09 17 41
2011 5 09 17 46
2011 5 09 17 46
2011 5 09 17 55
2011 5 09 17 55
2011 5 09 19 19
2011 5 09 20 48
2011 5 09 20 48
2011 5 09 21 03
2011 5 09 21 03
2011 5 09 21 26
2011 5 09 21 26
2011 5 09 21 26
2011 5 09 21 27
2011 5 09 21 27
2011 5 09 21 27
2011 5 09 22 24
2011 5 09 22 24
2011 5 09 22 24
2011 5 09 22 24
2011 5 09 22 24
2011 5 09 22 24
2011 5 09 23 05
2011 5 09 23 08
2011 5 09 23 09
2011 5 09 23 43
2011 5 10 00 21
2011 5 10 02 18
2011 5 10 02 18
2011 5 10 02 31
2011 5 10 02 32
2011 5 10 02 36
2011 5 10 02 36
2011 5 10 02 36
2011 5 10 02 36
2011 5 10 02 36
2011 5 10 02 36
2011 5 10 02 36
2011 5 10 02 36
2011 5 10 02 36
2011 5 10 02 37
2011 5 10 03 37
2011 5 10 03 37
2011 5 10 03 37
2011 5 10 03 37
2011 5 10 03 37
2011 5 10 03 37
2011 5 10 04 08
2011 5 10 04 08
2011 5 10 04 08
2011 5 10 04 08
2011 5 10 04 08
2011 5 10 04 08
2011 5 10 04 43
2011 5 10 05 47
2011 5 10 08 04
2011 5 10 08 04
2011 5 10 08 06
2011 5 10 08 07
2011 5 10 08 47
2011 5 10 08 47
2011 5 10 08 55
2011 5 10 09 00
2011 5 10 09 00
2011 5 10 09 00
2011 5 10 09 01
2011 5 10 09 53
2011 5 10 09 53
2011 5 10 09 53
2011 5 10 09 53
2011 5 10 09 53
2011 5 10 09 53
2011 5 10 09 57
2011 5 10 10 22
2011 5 10 10 22
2011 5 10 10 22
2011 5 10 10 22
2011 5 10 10 22
2011 5 10 10 22
2011 5 10 10 22
2011 5 10 10 22
2011 5 10 10 22
2011 5 10 10 22
